p	mean	conf_05	conf_95	trace_00	trace_01	trace_02	trace_03	trace_04	trace_05	trace_06	trace_07	trace_08	trace_09	trace_10	trace_11	trace_12	trace_13	trace_14	trace_15	trace_16	trace_17	trace_18	trace_19	trace_20	trace_21	trace_22	trace_23	trace_24	trace_25	trace_26	trace_27	trace_28	trace_29	trace_30	trace_31	trace_32	trace_33	trace_34	trace_35	trace_36	trace_37	trace_38	trace_39	trace_40	trace_41	trace_42	trace_43	trace_44	trace_45	trace_46	trace_47	trace_48	trace_49
0.00000	2.04449	1.50238	2.520380735397339	2.51943	2.14228	2.16110	2.53352	1.47714	2.52895	1.89965	2.46787	2.09199	2.48701	2.58668	1.78587	1.73143	0.93743	2.00364	1.52497	2.28064	2.11997	1.75929	1.04683	1.73744	2.38521	2.65519	1.99337	2.07367	2.26963	2.30306	2.02170	1.64850	1.94971	2.17661	1.38892	2.27871	2.18083	2.36532	2.00337	1.61369	1.96814	1.70152	2.14558	2.44452	2.27777	2.14056	2.54753	2.50342	1.50519	2.40995	2.35662	2.02267	1.07049
0.01010	2.05568	1.57699	2.4770452976226807	2.47635	2.23409	2.15784	2.48329	1.42416	2.53604	2.08438	2.48697	2.12869	2.45697	2.67247	1.82842	1.74835	0.95534	2.07336	1.59262	2.28886	2.01728	1.73727	0.99308	1.76133	2.43380	2.37837	2.10913	2.08072	2.29005	2.32112	2.07659	1.60966	2.14791	2.28355	1.43763	2.25327	2.24166	2.33091	2.00964	1.66075	1.99176	1.75583	2.17362	2.40562	2.29418	2.18019	2.53614	2.38692	1.59247	2.42138	2.09238	2.04016	1.11126
0.02020	2.13918	1.63010	2.4997758865356445	2.52602	2.32639	2.27034	2.49803	1.56543	2.55617	2.17940	2.51552	2.23593	2.45700	2.67588	1.97534	1.91119	1.26182	2.16701	1.63728	2.34945	1.94658	1.74993	1.12922	1.91512	2.49426	2.35696	2.13840	2.18343	2.36188	2.38767	2.25182	1.71280	2.26484	2.33068	1.54120	2.32425	2.33502	2.39612	2.11925	1.72235	2.17074	1.92213	2.27017	2.44132	2.29426	2.27224	2.57592	2.28162	1.91124	2.45792	2.23077	2.15541	1.20542
0.03030	2.27271	1.83630	2.548652410507202	2.55584	2.42727	2.37307	2.52107	1.84029	2.58115	2.32194	2.55525	2.34833	2.54792	2.68818	2.15341	2.09243	1.70447	2.31206	1.78004	2.43194	2.09644	1.91643	1.43224	2.13184	2.54526	2.45315	2.29243	2.32628	2.43071	2.46277	2.39855	1.94068	2.39470	2.45495	1.80036	2.38654	2.43709	2.44057	2.25512	1.85262	2.40953	2.11359	2.36215	2.51184	2.41567	2.35973	2.62094	2.31212	2.31091	2.51606	2.34276	2.31038	1.36621
0.04040	2.39839	2.08881	2.5996222496032715	2.61687	2.49021	2.46613	2.59691	2.09260	2.59948	2.42106	2.58305	2.43608	2.63201	2.67024	2.28043	2.24755	2.05469	2.41959	1.98532	2.49418	2.12183	2.12337	1.71295	2.29540	2.60088	2.56245	2.41776	2.42378	2.49843	2.53891	2.52332	2.15088	2.46954	2.53913	2.04089	2.44858	2.52752	2.51388	2.36461	2.50093	2.56266	2.25339	2.43972	2.58032	2.50025	2.42471	2.67215	2.42214	2.52632	2.56697	2.44204	2.43538	1.63225
0.05051	2.50762	2.27051	2.682267904281616	2.68210	2.56095	2.54977	2.64124	2.25803	2.59384	2.50304	2.63982	2.50983	2.74150	2.73518	2.37931	2.37398	2.29973	2.50998	2.16172	2.54757	2.27190	2.29587	1.95753	2.42983	2.65185	2.70178	2.50955	2.50386	2.55696	2.61031	2.67020	2.31671	2.54302	2.62439	2.21919	2.50524	2.63143	2.55866	2.47233	2.60430	2.68382	2.36038	2.50693	2.68015	2.58357	2.48691	2.62130	2.53210	2.73101	2.61994	2.50087	2.52822	2.22343
0.06061	2.60498	2.41019	2.7939960956573486	2.69132	2.64484	2.63374	2.67102	2.41389	2.64140	2.58234	2.79510	2.57492	2.72196	2.73092	2.47824	2.47980	2.52256	2.58795	2.31731	2.60577	2.33092	2.43998	2.14316	2.54572	2.83109	2.76116	2.60350	2.57787	2.64643	2.68854	2.80925	2.45165	2.62797	2.69905	2.37659	2.55946	2.64968	2.60025	2.56445	2.74336	2.82143	2.45290	2.57471	2.79387	2.66137	2.54884	2.78444	2.65275	2.82502	2.67366	2.71550	2.62439	2.37687
0.07071	2.70146	2.51479	2.9040188789367676	2.90326	2.71025	2.80790	2.82314	2.52564	2.69798	2.66063	2.90384	2.66029	2.81456	2.80024	2.56678	2.61129	2.66920	2.64909	2.44497	2.64097	2.47951	2.56245	2.32625	2.64494	2.97318	2.90562	2.69306	2.65465	2.68307	2.74308	2.98232	2.57049	2.72921	2.77608	2.50041	2.61317	2.76388	2.68647	2.65253	2.86173	2.96420	2.51638	2.64888	2.87706	2.74863	2.60083	2.70073	2.72376	2.98885	2.65361	2.79375	2.66602	2.49819
0.08081	2.81250	2.61769	3.0924758911132812	3.06543	2.81013	2.79973	2.91749	2.64151	2.65107	2.73135	3.06355	2.71721	2.94786	3.12953	2.62812	2.65617	2.78105	2.69782	2.56426	2.66615	2.59379	2.64708	2.47264	2.72054	3.09095	2.92642	2.78215	2.70839	2.76521	2.84126	3.17881	2.70060	2.83579	2.82782	2.60509	2.64450	3.03452	2.72767	2.73710	3.10618	3.11963	2.58374	2.73448	3.02014	2.83333	2.63410	2.98462	2.81547	3.11549	2.86739	3.00526	2.87721	2.61908
0.09091	2.92900	2.68686	3.2420125007629395	3.19581	2.88396	3.12365	3.02646	2.84148	2.90421	2.81376	3.19544	2.84777	3.00545	3.28134	2.68792	2.79241	2.88577	2.69719	2.77019	2.69273	2.67731	2.71547	2.63651	2.79005	3.22466	3.08484	2.86697	2.76000	2.92373	2.91435	3.32452	2.81773	2.95250	2.88087	2.71099	2.66387	3.18722	2.80023	2.88713	3.25487	3.26124	2.62615	2.86631	3.28524	2.91852	2.63776	3.11536	2.90036	3.24058	2.95929	3.12314	3.07712	2.71938
0.10101	3.05619	2.81054	3.3578429222106934	3.31753	2.96351	3.31340	3.13915	2.89193	3.00080	2.91018	3.33105	2.96451	3.31809	3.35579	2.76862	2.99123	2.98712	2.95038	2.98999	2.66665	2.81063	2.80975	2.84929	2.86298	3.34992	3.20855	2.95011	2.83916	3.13723	2.99771	3.50621	2.96413	3.07253	2.94002	2.87778	2.91096	3.32059	2.89597	3.05307	3.39331	3.40367	2.63866	3.00825	3.45925	3.01354	2.70387	3.25174	2.99361	3.37632	3.04519	3.23261	3.24842	2.82471
0.11111	3.17776	2.90150	3.488293170928955	3.43415	3.03465	3.48630	3.24478	3.30630	3.08187	2.99482	3.47939	3.06259	3.45108	3.47446	2.82990	3.16153	3.08897	3.07995	3.30588	3.05264	2.91995	2.74955	3.08154	2.92292	3.46761	3.32326	3.01794	2.90270	3.28478	3.07335	3.63468	3.14628	3.19057	2.99225	3.03305	2.98714	3.43812	2.97513	3.20049	3.50626	3.54549	2.65616	3.15463	3.63303	3.10301	2.66696	3.37864	3.08703	3.50796	3.13057	3.31477	3.40206	2.89066
0.12121	3.29383	2.98233	3.603430986404419	3.54471	3.11426	3.65733	3.35986	3.45607	3.17868	3.08406	3.58756	3.17378	3.59406	3.59500	2.90627	3.30055	3.20400	3.19682	3.45590	3.16278	3.11341	2.69881	3.26976	2.99581	3.57793	3.40119	3.08666	2.98485	3.42003	3.15496	3.75881	3.18898	3.29318	3.05849	3.21512	3.37845	3.56487	3.06225	3.32423	3.60335	3.70062	2.65169	3.29500	3.75726	3.18853	2.95970	3.50101	3.18951	3.60412	3.19973	3.41072	3.55637	2.95423
0.13131	3.38076	3.03064	3.6856954097747803	3.63282	3.16658	3.74760	3.42647	3.56094	3.23387	3.14534	3.68490	3.24425	3.68082	3.64449	2.92197	3.39596	3.28261	3.27622	3.56762	3.21795	3.22892	2.73254	3.43075	3.03168	3.66348	3.45548	3.12659	3.02132	3.49400	3.20713	3.79610	3.53488	3.37116	3.08243	3.47386	3.51055	3.63082	3.11289	3.42348	3.67505	3.80002	3.03215	3.39963	3.85000	3.23667	3.00775	3.59839	3.27735	3.69285	3.24136	3.45913	3.63477	2.97464
0.14141	3.44429	3.08460	3.739630699157715	3.68025	3.20823	3.83139	3.47103	3.64909	3.28174	3.20223	3.72423	3.30246	3.74264	3.70932	2.73187	3.49670	3.37046	3.33102	3.65183	3.26147	3.31639	3.37040	3.54963	3.07124	3.69863	3.47127	3.15838	3.05506	3.53923	3.24689	3.78554	3.62087	3.43343	3.09859	3.57237	3.65218	3.66614	3.16987	3.48359	3.70256	3.86864	3.08608	3.50208	3.92307	3.27167	3.02236	3.65506	3.34912	3.73930	3.28131	3.48874	3.72680	2.99208
0.15152	3.50148	3.13888	3.7510621547698975	3.73298	3.27689	3.87415	3.51827	3.71929	3.33135	3.27094	3.71196	3.37816	3.80384	3.71422	3.00824	3.54646	3.42982	3.38759	3.73688	3.32762	3.34413	3.48362	3.65478	3.13742	3.71964	3.47793	3.20767	3.13421	3.59965	3.29864	3.71080	3.70419	3.48085	3.13904	3.64460	3.72885	3.71288	3.23192	3.53557	3.74719	3.92950	3.15901	3.57785	3.96031	3.29832	3.11599	3.72129	3.42515	3.78590	3.31812	3.52981	3.74044	3.05007
0.16162	3.56386	3.23199	3.8219480514526367	3.79189	3.36815	3.89314	3.56518	3.75501	3.43561	3.35498	3.73349	3.46757	3.86831	3.73393	3.10612	3.58801	3.51666	3.44501	3.79591	3.41240	3.38098	3.59754	3.75663	3.23055	3.72750	3.48392	3.28299	3.23540	3.66897	3.36752	3.64528	3.79424	3.52478	3.23215	3.70086	3.81988	3.75972	3.32989	3.58265	3.80110	3.98602	3.21961	3.67964	3.99073	3.33358	3.20158	3.78901	3.55628	3.84056	3.36146	3.57964	3.75981	3.14101
0.17172	3.59342	3.30137	3.860687494277954	3.80571	3.42652	3.87071	3.58662	3.79011	3.47541	3.41392	3.67068	3.52015	3.89562	3.71277	3.17648	3.64641	3.56155	3.47030	3.85957	3.47871	3.34102	3.66290	3.81213	3.29324	3.68499	3.45392	3.33338	3.30514	3.69848	3.40082	3.57105	3.83903	3.51875	3.28399	3.72586	3.88076	3.76217	3.40939	3.60525	3.81974	4.01887	3.29188	3.75849	3.98133	3.33262	3.30227	3.80839	3.62905	3.84695	3.40844	3.59240	3.72630	3.21093
0.18182	3.62399	3.35209	3.887577772140503	3.81941	3.51544	3.80754	3.56437	3.81835	3.53919	3.45446	3.64312	3.60372	3.94488	3.70453	3.26250	3.62969	3.63533	3.46987	3.89901	3.51285	3.35037	3.73496	3.88631	3.36440	3.64853	3.43660	3.38797	3.37236	3.76295	3.44756	3.52174	3.86947	3.52401	3.34939	3.72486	3.91818	3.80251	3.46049	3.60861	3.87207	4.01228	3.35228	3.79130	3.98189	3.33463	3.36628	3.85400	3.72581	3.84848	3.44581	3.60909	3.70896	3.30101
0.19192	3.63463	3.39066	3.9179270267486572	3.82831	3.57619	3.70731	3.56514	3.80207	3.56225	3.47136	3.58547	3.63168	3.95420	3.66053	3.33730	3.62724	3.66846	3.44721	3.93614	3.57317	3.32642	3.79246	3.91683	3.40440	3.62223	3.39811	3.45879	3.45327	3.78687	3.45929	3.46662	3.88258	3.48491	3.39123	3.69826	3.92782	3.79906	3.54701	3.59270	3.88745	4.01289	3.38553	3.81779	3.93002	3.31220	3.43919	3.84904	3.77697	3.83885	3.47559	3.63094	3.65296	3.37916
0.20202	3.61130	3.40049	3.8733115196228027	3.76420	3.60163	3.58576	3.51043	3.75083	3.54308	3.44869	3.51315	3.67859	3.93569	3.60549	3.39009	3.55308	3.66036	3.40060	3.90686	3.58778	3.32816	3.83906	3.91696	3.40462	3.54682	3.34835	3.48786	3.48080	3.76938	3.43494	3.41039	3.80725	3.41323	3.41624	3.63135	3.88678	3.75615	3.57599	3.54215	3.87095	3.95470	3.39947	3.83126	3.87181	3.28403	3.51483	3.79041	3.78056	3.74248	3.47728	3.59439	3.58706	3.43314
0.21212	3.60038	3.37314	3.8732495307922363	3.72101	3.66181	3.51012	3.48178	3.71240	3.54698	3.41940	3.46767	3.73761	3.90248	3.54525	3.48284	3.47602	3.65772	3.37335	3.88696	3.58021	3.35575	3.89296	3.90541	3.40750	3.51082	3.31692	3.54981	3.53179	3.77792	3.41786	3.37122	3.71298	3.36544	3.43103	3.56545	3.87173	3.73814	3.64223	3.51284	3.86930	3.89651	3.44448	3.77048	3.79772	3.25505	3.60197	3.75035	3.79387	3.67873	3.50693	3.56986	3.51859	3.52378
0.22222	3.56122	3.36310	3.7938714027404785	3.62397	3.67937	3.43739	3.42024	3.64194	3.49117	3.37322	3.42141	3.74850	3.85142	3.48306	3.55315	3.40403	3.63879	3.33643	3.81831	3.54028	3.39297	3.90554	3.86337	3.36645	3.45588	3.28171	3.58989	3.54278	3.74240	3.36606	3.32545	3.56819	3.30659	3.42360	3.50438	3.78801	3.67691	3.64823	3.45599	3.83351	3.79116	3.43802	3.71144	3.72620	3.22633	3.63553	3.65892	3.74435	3.58298	3.50783	3.50731	3.44479	3.58566
0.23232	3.51196	3.29962	3.7341725826263428	3.55986	3.65197	3.37461	3.38320	3.54423	3.45614	3.31954	3.37525	3.78848	3.76858	3.41742	3.61558	3.32423	3.59994	3.30112	3.69513	3.46456	3.41831	3.90133	3.81051	3.29877	3.40229	3.25237	3.63103	3.51383	3.68707	3.29971	3.28412	3.43389	3.25459	3.38027	3.42571	3.73035	3.57784	3.68578	3.38874	3.78270	3.65824	3.41490	3.60031	3.63226	3.20133	3.68898	3.52549	3.69498	3.46995	3.49776	3.41641	3.38553	3.61262
0.24242	3.45374	3.23960	3.67897891998291	3.47608	3.62770	3.32476	3.33142	3.44492	3.39377	3.25327	3.32847	3.79211	3.68493	3.36201	3.64606	3.26103	3.55615	3.26656	3.55329	3.36042	3.40751	3.86363	3.75211	3.23699	3.34392	3.21877	3.65875	3.47714	3.60849	3.23127	3.23988	3.35778	3.20588	3.32534	3.35831	3.62121	3.48813	3.67832	3.33807	3.70748	3.56034	3.36008	3.46096	3.54299	3.16599	3.66822	3.40914	3.60281	3.39334	3.46865	3.30033	3.32929	3.64277
0.25253	3.38629	3.18808	3.6486823558807373	3.39043	3.53267	3.27357	3.28967	3.35329	3.33198	3.19965	3.28320	3.76898	3.56712	3.30317	3.62813	3.21564	3.47107	3.23367	3.39843	3.24754	3.38649	3.79542	3.69037	3.18836	3.29741	3.18539	3.70843	3.42440	3.50385	3.17408	3.20013	3.30797	3.15839	3.25057	3.30414	3.52705	3.37299	3.64743	3.29582	3.62719	3.32358	3.27513	3.33351	3.45839	3.13264	3.61172	3.29191	3.48004	3.34147	3.40962	3.18565	3.27653	3.65998
0.26263	3.31703	3.15251	3.5789754390716553	3.32737	3.42400	3.22444	3.24339	3.26040	3.27320	3.15267	3.23139	3.70910	3.45678	3.24936	3.53119	3.17276	3.39269	3.19816	3.24794	3.16024	3.32116	3.68330	3.62731	3.15107	3.24881	3.15686	3.75752	3.33177	3.40970	3.11517	3.17054	3.27130	3.11165	3.15302	3.25646	3.44012	3.28480	3.57385	3.25749	3.54344	3.19414	3.18784	3.22561	3.38968	3.10685	3.49530	3.21074	3.34314	3.27769	3.33310	3.10434	3.23761	3.62509
0.27273	3.24360	3.09577	3.484956979751587	3.26061	3.27505	3.17637	3.19431	3.18581	3.22013	3.10712	3.17681	3.61249	3.33043	3.19137	3.39264	3.12776	3.31336	3.14856	3.14704	3.09900	3.22835	3.54017	3.56348	3.11603	3.19684	3.11639	3.78195	3.23683	3.30709	3.06310	3.12243	3.23735	3.05757	3.06001	3.20974	3.34281	3.21425	3.47902	3.21159	3.47066	3.14971	3.11413	3.15564	3.32365	3.06667	3.32290	3.14774	3.20345	3.20640	3.22387	3.03087	3.18191	3.53838
0.28283	3.17286	3.04053	3.3852896690368652	3.19218	3.14427	3.12649	3.14284	3.12136	3.17176	3.06265	3.12076	3.48497	3.22572	3.12025	3.21635	3.08217	3.24266	3.10246	3.07375	3.05319	3.13141	3.38192	3.49921	3.08280	3.14348	3.07264	3.79101	3.13962	3.21507	3.00939	3.07288	3.20641	2.99621	2.98161	3.17243	3.25217	3.14855	3.35523	3.17863	3.41564	3.15688	3.04240	3.08933	3.25880	3.02370	3.12399	3.09199	3.11369	3.15634	3.10230	2.97213	3.15399	3.42747
0.29293	3.10614	2.97853	3.245370626449585	3.12370	3.05085	3.10020	3.10857	3.06216	3.12486	3.02018	3.06534	3.34745	3.15528	3.06072	3.07021	3.03908	3.18104	3.05752	3.01515	3.01543	3.04296	3.23980	3.42976	3.03473	3.10556	3.01107	3.76031	3.06407	3.14174	2.95749	3.06297	3.15710	2.91964	2.90524	3.13318	3.17603	3.09534	3.22519	3.12585	3.36413	3.08394	2.99386	3.03029	3.20167	2.98008	2.96454	3.04151	3.03680	3.10213	3.01425	2.91350	3.09905	3.29554
0.30303	3.04685	2.93232	3.1628992557525635	3.06419	2.99657	3.07089	3.04625	2.98730	3.07685	2.95605	3.01482	3.21668	3.10773	3.02231	2.95042	2.99704	3.15330	3.01268	2.98360	2.95854	2.98160	3.12248	3.38718	3.00206	3.05949	2.95985	3.63535	3.00359	3.08197	2.92235	3.03355	3.15088	2.85198	2.86586	3.07762	3.10755	3.04543	3.10682	3.10409	3.31543	3.01372	2.95100	2.95199	3.16272	2.93342	2.85001	2.99330	2.96780	3.05128	2.94214	2.84264	3.08775	3.16453
0.31313	2.99183	2.87074	3.1148157119750977	3.02290	2.95513	2.98592	3.02815	2.94591	3.01893	2.91211	2.96985	3.14093	3.07680	2.94858	2.85030	2.96110	3.11302	2.99731	2.92538	2.95473	2.95295	3.04197	3.34898	2.98036	3.01918	2.90779	3.39793	2.95409	2.98720	2.87301	2.97052	3.13095	2.75792	2.81680	3.04459	3.05485	3.02307	3.04454	3.05430	3.26914	2.94379	2.91519	2.90351	3.04244	2.88798	2.77880	2.92910	2.90910	3.00545	2.90681	2.77924	3.06777	3.08505
0.32323	2.93744	2.80066	3.082989454269409	2.95741	2.95001	3.00129	2.95714	2.88540	2.95893	2.88335	2.90755	3.07403	3.04172	2.88790	2.84334	2.91216	3.08131	2.94667	2.88027	2.89278	2.89716	2.98369	3.31525	2.94226	2.94883	2.84782	3.16732	2.91690	2.93514	2.79071	2.93146	3.10700	2.65484	2.75699	3.02033	2.97696	2.97415	2.96500	3.00770	3.22483	2.87329	2.89882	2.85308	3.09808	2.80177	2.71253	2.89391	2.83548	2.95292	2.86705	2.68263	2.97900	2.99803
0.33333	2.88097	2.73117	3.0148515701293945	2.91088	2.88901	2.95941	2.92851	2.79278	2.89920	2.79908	2.88361	3.01380	3.00499	2.85797	2.72794	2.83538	3.06553	2.87213	2.84421	2.85512	2.84433	2.94412	3.28497	2.91299	2.89209	2.79174	2.98127	2.84104	2.86178	2.74807	2.84084	3.02431	2.52695	2.70304	2.94962	2.92551	2.92447	2.93443	2.96333	3.18045	2.79884	2.83505	2.81427	3.07760	2.73153	2.66366	2.83020	2.77022	2.91629	2.83120	2.59167	2.99353	2.97979
0.34343	2.83400	2.68133	2.992563247680664	2.89184	2.85709	2.94158	2.88823	2.74450	2.85734	2.76450	2.83069	2.96077	2.97357	2.77750	2.68541	2.82702	3.06268	2.84337	2.75803	2.81719	2.78051	2.91942	3.26101	2.89410	2.84905	2.74217	2.85585	2.80261	2.81010	2.67130	2.82597	3.01873	2.37922	2.63612	2.93410	2.85537	2.87790	2.88068	2.93793	3.13776	2.72636	2.79880	2.78633	3.06510	2.68245	2.57207	2.70859	2.69720	2.83393	2.82048	2.53215	2.98966	2.93582
0.35354	2.77196	2.57780	2.956308364868164	2.85423	2.78635	2.91656	2.82736	2.65356	2.79041	2.68353	2.78448	2.90970	2.95934	2.68427	2.58235	2.75283	3.10054	2.79204	2.73628	2.74033	2.68921	2.90054	3.24280	2.84819	2.80590	2.68982	2.74531	2.69669	2.74281	2.59511	2.74353	2.94476	2.17482	2.56910	2.87132	2.85436	2.83041	2.83991	2.88080	3.09401	2.65416	2.78342	2.74830	3.05778	2.57876	2.46826	2.68271	2.56487	2.77191	2.74682	2.37824	2.95597	2.89337
0.36364	2.70252	2.46486	2.9340593814849854	2.82036	2.70797	2.88871	2.77645	2.53260	2.71482	2.60367	2.67843	2.85502	2.93540	2.62722	2.43687	2.69371	3.04890	2.71861	2.68852	2.71335	2.59721	2.88418	3.23121	2.83957	2.72084	2.60701	2.71780	2.64573	2.69359	2.48327	2.61497	2.84350	2.02084	2.46604	2.79993	2.76296	2.72219	2.79438	2.80316	3.04708	2.58336	2.73002	2.66871	3.04921	2.45418	2.28411	2.54928	2.50183	2.75921	2.71983	2.31241	2.93391	2.84367
0.37374	2.62940	2.40838	2.8660688400268555	2.79024	2.58549	2.86403	2.71475	2.47595	2.61518	2.54039	2.65188	2.79060	2.91285	2.62413	2.23325	2.66370	2.87286	2.63454	2.62918	2.65861	2.49193	2.86531	3.22902	2.77123	2.64144	2.56553	2.64584	2.60215	2.63556	2.40922	2.42405	2.73669	1.72419	2.40076	2.70960	2.72732	2.67862	2.75635	2.75157	2.99635	2.52215	2.62314	2.61747	3.02657	2.41362	2.22051	2.47923	2.41765	2.77845	2.68070	2.15790	2.73268	2.77980
0.38384	2.53473	2.25028	2.8299200534820557	2.77085	2.46441	2.82947	2.67756	2.38258	2.50938	2.37584	2.55171	2.70772	2.89555	2.53036	2.16311	2.57416	2.69825	2.55545	2.48285	2.52964	2.25319	2.83401	3.23708	2.74616	2.50410	2.41641	2.51802	2.55192	2.55806	2.28330	2.36818	2.55535	1.46501	2.33484	2.60463	2.68415	2.65288	2.69156	2.67661	2.93988	2.47845	2.59662	2.55165	2.97850	2.22410	1.97268	2.42663	2.32643	2.82561	2.61661	2.06020	2.37934	2.72540
0.39394	2.43653	2.03009	2.813845157623291	2.71471	2.44020	2.77834	2.60308	2.23495	2.41423	2.32187	2.46858	2.59783	2.89338	2.47906	1.93385	2.48515	2.81326	2.48248	2.64017	2.45799	1.95788	2.77665	3.25252	2.70469	2.45999	2.34576	2.34235	2.49695	2.49958	2.12445	2.16113	2.33063	1.14869	2.20826	2.42350	2.66027	2.58004	2.64058	2.58859	2.87570	2.46371	2.52854	2.41845	2.91631	2.13192	1.68484	2.23160	2.22302	2.81912	2.44439	1.92533	2.03811	2.66398
0.40404	2.31664	1.82764	2.8036887645721436	2.69185	2.22981	2.72901	2.46921	2.06554	2.37640	2.23472	2.28999	2.45630	2.87515	2.36328	1.54942	2.49341	2.85920	2.42043	2.81424	2.41618	1.58554	2.68327	3.26632	2.59670	2.35288	2.20391	2.08224	2.41958	2.41599	1.96581	1.94770	1.91690	0.99521	2.14430	2.30305	2.57274	2.53543	2.63673	2.48185	2.80252	2.49672	2.39669	2.27269	2.85725	1.93280	1.35111	2.02228	2.01929	2.68869	2.33379	1.79730	1.83101	2.58970
0.41414	2.17886	1.59758	2.6950013637542725	2.62976	2.06937	2.69224	2.37115	1.98425	2.27239	2.03497	2.17957	2.28418	2.87503	2.37151	1.38090	2.39065	2.79041	2.31739	2.65268	2.23680	1.26189	2.58305	3.26783	2.54476	2.25295	1.99200	1.81005	2.28344	2.34131	1.78277	1.77983	1.43885	0.73650	1.96360	2.04476	2.49678	2.43828	2.59647	2.36150	2.71989	2.60843	2.19563	2.19544	2.80540	1.73981	1.02107	1.81391	1.97504	2.39912	2.20377	1.61521	1.64094	2.49961
0.42424	2.03176	1.40654	2.6368520259857178	2.58966	1.91153	2.63149	2.41192	1.78421	2.09760	1.98108	2.11105	2.28231	2.75817	2.28548	1.17177	2.36226	2.68508	2.24451	2.18725	2.11238	0.98629	2.30132	3.25746	2.51895	2.13290	1.85466	1.43263	2.26570	2.31253	1.55444	1.56218	0.92077	0.60381	1.89548	1.72931	2.26589	2.36942	2.51208	2.09423	2.62647	2.84619	1.92886	1.92989	2.76039	1.64262	0.76443	1.59223	1.83736	2.23419	1.88961	1.48676	1.48337	2.38793
0.43434	1.88236	1.01293	2.5530781745910645	2.54347	1.72111	2.53206	2.32966	1.64258	1.90423	1.75977	1.87153	2.12140	2.66699	2.22534	0.96475	2.29979	2.63960	2.25863	1.64229	1.98963	0.81538	1.90987	3.26064	2.50448	1.99285	1.63889	1.01829	2.17196	2.23054	1.38182	1.42103	0.66013	0.53090	1.77952	1.32345	1.93565	2.29502	2.48581	1.97879	2.52589	3.28950	1.73405	1.70486	2.69430	1.35727	0.50236	1.29473	1.79443	2.14511	1.62742	1.34199	1.40098	2.25719
0.44444	1.73266	0.81054	2.463036298751831	2.38925	1.59654	2.45736	2.25299	1.52487	1.89046	1.52588	1.87514	1.85416	2.55259	2.12575	0.81489	2.23394	2.40242	2.08918	1.18990	1.68367	0.65686	1.49358	3.24177	2.48594	1.76162	1.47160	0.77142	2.19112	2.17480	1.19419	1.38128	0.46001	0.41633	1.63278	0.91647	1.33046	2.18383	2.46049	1.95420	2.41593	3.36405	1.40526	1.48390	2.76249	1.13423	0.35861	1.17874	1.86476	2.14101	1.22887	1.16199	1.39623	2.09932
0.45455	1.59000	0.67630	2.3778817653656006	2.29600	1.46618	2.35887	2.17898	1.41418	1.68596	1.43351	1.71613	1.80869	2.41422	1.97099	0.70802	2.16046	2.37384	1.98782	0.86562	1.53940	0.53134	0.96867	3.04455	2.45484	1.80063	1.35196	0.60298	2.09339	2.13484	1.03372	1.37209	0.31494	0.36539	1.52788	0.68776	0.68444	2.07087	2.37327	1.84400	2.30050	3.00014	1.12738	1.31800	2.71805	0.85416	0.25576	1.02441	1.87656	2.09364	0.82484	1.01659	1.52843	1.92514
0.46465	1.49788	0.50499	2.2979512214660645	2.15472	1.30606	2.29167	2.11868	1.31534	1.53428	1.34412	1.65813	1.53843	2.35450	2.06516	0.61105	2.10752	2.27292	1.98075	0.64185	1.44552	0.42794	0.61421	2.89642	2.39235	1.68899	1.39795	0.55417	2.08040	2.05330	0.86210	1.58521	0.21205	0.32101	1.30974	0.51355	0.31181	1.93346	2.28155	1.75513	2.17750	2.71461	0.86936	1.09432	2.79183	0.75677	0.19616	0.98164	1.87146	2.02611	0.53770	0.98894	2.20745	1.74796
0.47475	1.40637	0.34869	2.2659964561462402	2.07929	1.25676	2.25993	2.12183	1.18347	1.49114	1.06851	1.62564	1.21558	2.35155	1.97289	0.54197	2.03993	2.15250	1.83191	0.50674	1.21060	0.35432	0.43392	2.90245	2.32058	1.64230	1.42944	0.92850	2.08376	2.06098	0.61392	1.77354	0.14596	0.28573	1.22936	0.44826	0.19850	1.90946	2.22325	1.67595	2.05903	2.43776	0.67452	1.00276	2.67574	0.43421	0.12147	0.98055	1.84247	2.01716	0.29807	0.73233	1.96564	1.50658
0.48485	1.31960	0.28857	2.1525349617004395	1.97478	1.16228	2.15762	1.97882	0.97352	1.26572	0.87801	1.65398	0.89903	2.35682	1.93484	0.49956	1.94184	2.14860	1.77786	0.43505	1.13609	0.29940	0.30124	2.94268	2.34238	1.56342	1.48204	1.79575	2.15197	1.98251	0.55322	2.07554	0.10347	0.28249	0.92213	0.46797	0.10469	1.73981	2.06667	1.67644	1.94865	1.98189	0.54245	0.96798	2.28062	0.28924	0.11486	0.97811	1.87212	1.95166	0.18095	0.53271	0.99788	1.31288
0.49495	1.25282	0.25788	2.1469223499298096	2.03439	1.13473	2.15586	1.81767	0.78365	1.09108	0.71030	1.60614	0.46121	2.37483	1.87152	0.41226	1.91183	2.06364	1.69408	0.39889	0.97807	0.26104	0.22936	2.86234	2.27302	1.62237	1.73496	2.32894	2.14593	1.91056	0.42973	2.11464	0.07250	0.28770	0.65121	0.77147	0.09769	1.63348	1.89060	1.62140	1.82966	1.71450	0.41026	0.90177	2.01709	0.28923	0.10339	1.13682	1.96115	1.85736	0.11261	0.43353	0.33053	1.10377
0.50505	1.16511	0.19229	2.050299644470215	2.00170	1.13886	2.04979	1.80662	0.62941	0.87656	0.59157	1.52947	0.21043	2.36349	1.73725	0.37586	1.88636	2.01162	1.47329	0.40717	0.85321	0.24821	0.19364	2.59867	2.25395	1.60319	1.89961	0.33149	2.05492	1.77637	0.27639	2.04347	0.05170	0.31642	0.57431	2.08182	0.09311	1.39798	1.63778	1.71158	1.71339	1.68018	0.31945	0.92542	1.88848	0.26352	0.08324	1.24714	1.99218	1.56400	0.08012	0.32181	0.18016	0.90924
0.51515	1.05069	0.09164	1.9455078840255737	1.83280	1.36217	1.88298	1.82589	0.37537	0.74923	0.58983	1.51344	0.09271	2.35792	1.78866	0.34338	1.81927	1.91163	1.42871	0.51115	0.60862	0.28060	0.17020	2.19891	2.10438	1.55743	1.85978	0.14550	1.94473	1.71440	0.13437	1.96922	0.03780	0.39183	0.50894	0.28729	0.08200	1.19771	1.02426	1.80743	1.60169	1.63470	0.26864	1.12355	1.88376	0.07830	0.06910	1.17230	1.95249	1.31178	0.05103	0.12596	0.11194	0.73862
0.52525	0.97111	0.07125	1.8616372346878052	1.70970	1.27199	1.82821	1.72216	0.13984	0.41481	0.56496	1.42975	0.16393	2.48168	1.81899	0.30263	1.77873	1.86066	1.29940	1.10359	0.42262	0.42394	0.15238	1.68754	2.09051	1.52815	1.45953	0.11957	1.55370	1.58096	0.19704	1.87042	0.02778	0.53902	0.21083	0.11897	0.06786	0.88258	0.30522	1.75256	1.47855	1.64541	0.22224	1.53961	1.90925	0.07163	0.06664	0.93896	1.91177	1.12512	0.03629	0.09576	0.05224	0.57959
0.53535	0.84515	0.06758	1.836979866027832	1.00034	1.11234	1.81220	1.95890	0.08900	0.24421	0.51812	1.40214	0.04538	1.84553	1.53455	0.33569	1.73513	1.75312	1.20333	0.14721	0.28783	1.06255	0.13982	0.13586	2.10342	1.67723	1.22089	0.11848	0.78193	1.34641	0.10159	1.87429	0.02084	0.75564	0.14452	0.08491	0.05499	0.60120	0.13361	1.78806	1.32803	1.58363	0.18205	1.83622	1.84382	0.05020	0.09514	0.78198	1.80749	0.95857	0.02560	0.08138	0.06898	0.44319
0.54545	0.74026	0.06277	1.701262354850769	0.71329	0.86889	1.63215	2.19984	0.08311	0.18088	0.55432	1.34381	0.10598	0.22977	1.69606	0.34954	1.62680	1.70022	1.02298	0.09526	0.16155	1.61325	0.13318	0.06448	1.98526	1.89104	1.17410	0.13035	0.19595	0.99669	0.09109	1.90866	0.01636	0.98594	0.11497	0.07071	0.04395	0.29054	0.18587	1.67795	1.10287	1.56428	0.14977	1.71064	1.18151	0.10006	0.05637	0.50860	1.34566	0.68919	0.01836	0.04596	0.06348	0.34170
0.55556	0.63897	0.06730	1.6097544431686401	0.60163	0.44378	1.53326	2.05680	0.08069	0.14109	0.52957	1.16899	0.06785	0.22766	1.91399	0.35003	1.57745	1.60725	0.85961	0.08089	0.10027	1.58873	0.13163	0.07306	1.65947	1.57455	1.11400	0.15047	0.22560	0.46012	0.07163	1.39224	0.01350	1.12240	0.07739	0.06235	0.03444	0.11202	0.07486	1.56534	0.74629	1.65674	0.12244	1.63230	0.65951	0.07359	0.10310	0.26777	0.95193	0.40882	0.01346	0.12533	0.05659	0.28593
0.56566	0.51657	0.04480	1.51356041431427	0.43291	0.15438	1.46716	0.40730	0.08026	0.10726	0.57829	0.73125	0.05845	0.59443	1.87677	0.36851	1.68262	1.38871	0.71900	0.07174	0.05757	1.85517	0.17726	0.07074	1.20632	1.50862	0.94032	0.20136	0.19024	0.22622	0.05066	1.02181	0.01150	0.97920	0.08722	0.05677	0.02614	0.06328	0.07261	1.39366	0.38503	0.05917	0.09588	1.56792	0.26771	0.04535	0.03987	0.16691	1.55798	0.24629	0.00996	0.02256	0.05894	0.38932
0.57576	0.37577	0.02188	1.2352190017700195	0.40908	0.10517	1.35351	0.16287	0.08189	0.08257	0.33107	0.23891	0.05157	0.39673	1.72119	0.46521	0.27490	1.29239	0.62885	0.06274	0.03073	0.25674	0.17370	0.03050	0.84035	2.12311	0.67677	0.16795	0.11086	0.07424	0.09144	0.80814	0.00995	0.20184	0.02043	0.05325	0.01895	0.06604	0.07057	1.22887	0.43656	0.01592	0.07095	1.36542	0.08971	0.12641	0.03759	0.15696	0.55215	0.10847	0.00761	0.02204	0.04475	1.04073
0.58586	0.25911	0.02974	0.7292362451553345	0.70828	0.21134	0.28908	0.06688	0.09248	0.10788	0.16562	0.18667	0.05123	0.18724	1.35488	0.91784	0.06002	1.10408	0.60862	0.05294	0.02215	0.08075	0.23320	0.03046	0.11180	0.39712	0.48885	0.08650	0.21866	0.07144	0.05090	0.65597	0.00938	0.13396	0.12506	0.05429	0.01326	0.07127	0.06918	1.12054	0.19733	0.02323	0.05448	1.03400	0.05605	0.09703	0.11219	0.05999	0.64056	0.04772	0.00681	0.10874	0.11537	0.19192
0.59596	0.20443	0.02727	0.6969168782234192	0.76373	0.15539	0.10282	0.12845	0.15667	0.04469	0.04445	0.18777	0.04841	0.26278	0.86040	0.37620	0.04764	0.86935	0.68949	0.04245	0.06079	0.09309	0.86840	0.19310	0.03997	0.12517	0.42038	0.05023	0.10733	0.06839	0.05635	0.51966	0.01069	0.13300	0.07215	0.06565	0.00908	0.06256	0.06789	1.11600	0.24579	0.02669	0.04154	0.39386	0.03775	0.03382	0.11758	0.07454	0.15228	0.01698	0.00729	0.03009	0.02733	0.09553
0.60606	0.17344	0.01625	0.4091171622276306	0.56406	0.10666	0.06238	0.09093	0.74753	0.02393	0.04875	0.05790	0.04252	0.22393	0.39804	0.05916	0.14154	0.17883	0.92521	0.03221	0.11246	0.06161	0.20264	0.14796	0.01420	0.18967	0.50884	0.13369	0.14668	0.04003	0.04855	0.39025	0.01720	0.22320	0.03235	0.24830	0.00611	0.02719	0.06593	1.47829	0.27238	0.02896	0.02013	0.14990	0.02286	0.03727	0.01418	0.05068	0.00696	0.02744	0.00922	0.01648	0.13462	0.08241
0.61616	0.13459	0.01340	0.4083193838596344	0.40428	0.06975	0.03140	0.44467	0.33054	0.05011	0.02818	0.11052	0.03414	0.06318	0.22418	0.01988	0.03383	0.10075	0.13974	0.02310	0.02518	0.06558	0.07560	0.09898	0.00503	0.13428	0.57645	0.10503	0.11054	0.01757	0.05030	0.27300	0.05157	0.10724	0.09526	0.04568	0.00399	0.01091	0.06207	0.11724	0.95899	0.03047	0.52516	0.10758	0.01312	0.04007	0.01475	0.16135	0.00129	0.05696	0.01343	0.01772	0.01379	0.63493
0.62626	0.10692	0.00695	0.3159499764442444	0.35516	0.05353	0.05609	0.07058	0.34908	0.00240	0.05084	0.03467	0.02471	0.04670	0.14993	0.11072	0.03308	0.06631	0.05801	0.01506	0.08972	0.19859	0.05982	0.13665	0.00128	0.15808	0.31227	0.13484	0.20199	0.00768	0.05715	0.29291	0.00889	0.20968	0.04633	0.01284	0.00234	0.00476	0.05449	0.04739	0.48542	0.03128	0.01708	0.10309	0.00719	0.04148	0.01575	0.41952	0.00137	0.06092	0.01907	0.01898	0.09370	0.51672
0.63636	0.09736	0.00351	0.2629881203174591	0.26157	0.08115	0.02009	0.04513	0.01020	0.00118	0.04918	0.06207	0.01671	0.14370	0.06656	0.07926	0.03302	0.13389	0.04879	0.00933	0.14825	0.20398	0.06095	0.06571	0.00036	0.59556	0.07489	0.07218	0.19916	0.00365	0.04649	0.27578	0.15683	0.17139	0.02218	0.00652	0.06363	0.00229	0.09150	0.01663	0.27888	0.07881	0.00013	0.11308	0.00411	0.04226	0.01789	0.29112	0.00226	0.11830	0.01723	0.02049	0.10830	0.43521
0.64646	0.07709	0.00251	0.18262355029582977	0.09807	0.01981	0.02343	0.02776	0.05621	0.00063	0.02337	0.09888	0.01107	0.04814	0.03244	0.02006	0.07278	0.11169	0.05875	0.00567	0.06948	0.30145	0.04264	0.04071	0.00103	0.05172	0.06893	0.10901	0.13692	0.00191	0.01995	0.28205	0.05841	0.24530	0.00697	0.11991	0.06312	0.00117	0.07492	0.05119	0.27668	0.06631	0.00258	0.11541	0.09835	0.04282	0.02175	0.17566	0.00091	0.05978	0.12279	0.02213	0.04949	0.34447
0.65657	0.06746	0.00309	0.15291638672351837	0.11603	0.01741	0.02960	0.02301	0.21909	0.00030	0.00947	0.06432	0.01545	0.06721	0.02290	0.04484	0.03253	0.07473	0.06458	0.15139	0.07471	0.33824	0.03188	0.09343	0.00102	0.04243	0.05470	0.02972	0.12388	0.00096	0.00608	0.16666	0.10377	0.22458	0.07069	0.03239	0.05751	0.00054	0.05024	0.03562	0.02313	0.04549	0.00323	0.00670	0.09738	0.04308	0.02699	0.02989	0.00184	0.06969	0.15055	0.02338	0.04425	0.31550
0.66667	0.05919	0.01161	0.09210574626922607	0.05083	0.04854	0.03091	0.04872	0.13112	0.05600	0.01666	0.07490	0.05003	0.05423	0.08228	0.05366	0.05110	0.06224	0.04466	0.00930	0.05481	0.01039	0.01175	0.07078	0.09067	0.02825	0.04964	0.04775	0.20795	0.02686	0.09618	0.09165	0.04143	0.32722	0.02724	0.02739	0.07328	0.00016	0.05497	0.04608	0.25926	0.03799	0.00265	0.03503	0.07048	0.04255	0.05337	0.01772	0.00437	0.04620	0.03634	0.02973	0.03881	0.03553
0.67677	0.05628	0.02322	0.10357993841171265	0.05408	0.02323	0.04997	0.04748	0.23560	0.13210	0.05371	0.10585	0.05969	0.06124	0.03796	0.02315	0.06703	0.10333	0.04009	0.03150	0.05743	0.03512	0.03342	0.05843	0.04280	0.00396	0.05168	0.04943	0.22709	0.02557	0.00826	0.05183	0.03780	0.13418	0.03041	0.00270	0.04563	0.00003	0.04930	0.03531	0.10113	0.04163	0.06828	0.04375	0.04551	0.04183	0.05429	0.02927	0.08835	0.03505	0.05596	0.03200	0.03271	0.03786
0.68687	0.06100	0.02690	0.10558151453733444	0.06322	0.02967	0.03511	0.06239	0.19333	0.13744	0.04899	0.06368	0.08920	0.06092	0.02681	0.07735	0.07935	0.03054	0.04451	0.03806	0.02849	0.01503	0.03915	0.09550	0.04470	0.04123	0.04876	0.04339	0.04664	0.03053	0.00263	0.05903	0.06477	0.04810	0.01902	0.04009	0.08438	0.01680	0.04715	0.03279	0.03397	0.10310	0.06180	0.04419	0.09957	0.16263	0.02759	0.05533	0.12792	0.07661	0.20941	0.02854	0.02691	0.06359
0.69697	0.05517	0.02918	0.09071067720651627	0.05273	0.03075	0.03692	0.10737	0.22885	0.00885	0.06690	0.06657	0.10904	0.04105	0.03593	0.08081	0.04265	0.02967	0.04784	0.02479	0.06405	0.01262	0.04352	0.08304	0.11034	0.04238	0.05404	0.04085	0.05059	0.03006	0.00446	0.05802	0.07122	0.03632	0.03028	0.06121	0.04104	0.03060	0.05801	0.04759	0.06587	0.05784	0.04051	0.03863	0.05281	0.03514	0.05644	0.06903	0.08886	0.03024	0.11591	0.06268	0.02169	0.04194
0.70707	0.05545	0.03332	0.09475470334291458	0.07850	0.04455	0.05368	0.06294	0.11831	0.03498	0.09457	0.09835	0.06945	0.04790	0.04546	0.05448	0.05868	0.04096	0.05093	0.03872	0.02885	0.06220	0.05199	0.03795	0.07317	0.04190	0.04162	0.11521	0.05543	0.03409	0.00542	0.06631	0.04505	0.00995	0.06779	0.11226	0.04639	0.01953	0.04466	0.05371	0.03779	0.05351	0.03515	0.04075	0.05706	0.05410	0.08104	0.08747	0.09639	0.03381	0.06441	0.04684	0.01994	0.05833
0.71717	0.04991	0.02243	0.08205680549144745	0.03994	0.02917	0.04197	0.26706	0.08161	0.02758	0.03483	0.07151	0.06922	0.05715	0.03663	0.03652	0.08611	0.08622	0.03661	0.00603	0.08040	0.01209	0.03508	0.08691	0.11078	0.04183	0.03527	0.03298	0.04380	0.02006	0.01455	0.04661	0.02561	0.05465	0.05548	0.03823	0.04325	0.04527	0.03882	0.03889	0.02421	0.03536	0.03032	0.02269	0.06579	0.07730	0.03896	0.03346	0.03241	0.06889	0.07083	0.03302	0.01572	0.03800
0.72727	0.04642	0.02231	0.07265370339155197	0.05180	0.04665	0.04255	0.03682	0.07255	0.03173	0.08267	0.12560	0.05868	0.05464	0.03975	0.04779	0.07113	0.02308	0.03687	0.05167	0.04190	0.00164	0.04131	0.04225	0.10633	0.03330	0.04257	0.04311	0.04851	0.04132	0.01537	0.04639	0.02782	0.00514	0.04351	0.10089	0.06441	0.04219	0.03794	0.04063	0.04669	0.04266	0.02490	0.04209	0.03000	0.04259	0.07250	0.03228	0.06476	0.07361	0.00566	0.05760	0.01416	0.03119
0.73737	0.04932	0.02571	0.07664799690246582	0.04461	0.03859	0.03409	0.03480	0.07446	0.07555	0.06724	0.17476	0.04693	0.03016	0.04135	0.03711	0.04354	0.06106	0.03806	0.04159	0.03579	0.04389	0.03721	0.04227	0.09128	0.04479	0.04539	0.03975	0.03418	0.02429	0.04801	0.07114	0.03047	0.08656	0.04877	0.06644	0.02652	0.02379	0.03977	0.04418	0.02587	0.04508	0.09283	0.02325	0.03377	0.06075	0.05590	0.05722	0.04319	0.09181	0.00052	0.06260	0.02347	0.04130
0.74747	0.04853	0.02560	0.0722251683473587	0.04343	0.03009	0.03323	0.04001	0.02936	0.02170	0.09782	0.05062	0.05866	0.02794	0.04279	0.02869	0.04809	0.02578	0.03788	0.04447	0.08933	0.04501	0.04176	0.03435	0.07032	0.04223	0.04428	0.04429	0.04378	0.05011	0.01827	0.19145	0.04521	0.03854	0.04844	0.13045	0.02404	0.02403	0.03951	0.03329	0.04931	0.03466	0.03007	0.04629	0.04831	0.04708	0.05197	0.05574	0.06819	0.10621	0.03580	0.03837	0.01468	0.04060
0.75758	0.05549	0.02923	0.0967346802353859	0.04834	0.03391	0.03590	0.03508	0.09523	0.05605	0.11029	0.02811	0.05748	0.03545	0.04021	0.02943	0.04442	0.02940	0.03735	0.03430	0.03512	0.13794	0.03738	0.04102	0.04762	0.04671	0.04896	0.04269	0.04377	0.04122	0.02413	0.26070	0.03355	0.04566	0.05213	0.13866	0.02681	0.02936	0.04206	0.03608	0.02708	0.03952	0.08779	0.04598	0.04631	0.05352	0.05160	0.05567	0.05077	0.21932	0.03823	0.04117	0.01318	0.04194
0.76768	0.05723	0.02884	0.07809607684612274	0.03998	0.02913	0.04550	0.02884	0.09854	0.05790	0.07790	0.03890	0.05311	0.04026	0.04263	0.03136	0.03908	0.04905	0.03032	0.03219	0.07083	0.04016	0.04067	0.03945	0.05622	0.04991	0.03835	0.04424	0.03229	0.06786	0.03209	0.39497	0.02882	0.03648	0.04638	0.06438	0.03858	0.02604	0.04177	0.04528	0.04682	0.02777	0.05866	0.01920	0.04347	0.04795	0.04736	0.07985	0.04300	0.28744	0.10942	0.03575	0.01383	0.03153
0.77778	0.07038	0.03369	0.09055016189813614	0.05987	0.05803	0.03665	0.05402	0.04153	0.04884	0.08994	0.05276	0.05421	0.03902	0.04038	0.02158	0.05081	0.03367	0.03426	0.06090	0.04557	0.03370	0.05465	0.05270	0.04650	0.06302	0.05954	0.04230	0.03680	0.19508	0.03636	0.18174	0.05630	0.06481	0.06294	0.06449	0.05071	0.04107	0.04218	0.03661	0.02826	0.03088	0.07268	0.05665	0.05683	0.07088	0.05976	0.03642	0.05409	0.72994	0.04366	0.09608	0.10557	0.03360
0.78788	0.05589	0.03202	0.07564613223075867	0.05894	0.03461	0.06031	0.02930	0.04296	0.02367	0.06810	0.03081	0.05286	0.05452	0.05837	0.04621	0.03487	0.05895	0.05279	0.03633	0.05095	0.07557	0.05880	0.08906	0.06594	0.06644	0.04038	0.03782	0.06100	0.08898	0.05854	0.15895	0.03216	0.06369	0.04578	0.05731	0.02581	0.07119	0.05634	0.06225	0.05703	0.06098	0.07631	0.02352	0.03509	0.06940	0.05954	0.08471	0.05039	0.06803	0.05302	0.04708	0.03519	0.06354
0.79798	0.05680	0.03046	0.08652175217866898	0.03912	0.05982	0.06024	0.02748	0.04005	0.05013	0.05675	0.05740	0.08637	0.05439	0.05917	0.02402	0.05138	0.03599	0.05288	0.04993	0.13851	0.02790	0.06024	0.04521	0.03832	0.03920	0.06587	0.06269	0.06199	0.05811	0.06044	0.09343	0.03074	0.06164	0.05204	0.05117	0.05056	0.06249	0.05667	0.06269	0.05022	0.02389	0.03720	0.04869	0.03320	0.06865	0.03908	0.13293	0.05136	0.06817	0.08788	0.11003	0.07730	0.02628
0.80808	0.05714	0.03106	0.08623375743627548	0.06917	0.03928	0.03549	0.05586	0.05377	0.08060	0.08605	0.03290	0.14219	0.03247	0.03785	0.04042	0.03138	0.05025	0.06093	0.06079	0.04871	0.03114	0.06896	0.04537	0.04094	0.04325	0.07961	0.04017	0.03424	0.08397	0.07094	0.07078	0.06455	0.03628	0.10008	0.05645	0.02742	0.08787	0.03961	0.07135	0.01856	0.02557	0.04246	0.04532	0.06422	0.04430	0.04329	0.05164	0.05230	0.03037	0.12944	0.16086	0.02776	0.06975
0.81818	0.05631	0.03030	0.08021283149719238	0.07260	0.07832	0.03356	0.05258	0.04048	0.06841	0.09700	0.07314	0.07000	0.06754	0.03573	0.05018	0.06717	0.04797	0.02560	0.03865	0.04946	0.07376	0.02854	0.04260	0.07496	0.08567	0.04178	0.07997	0.03339	0.06400	0.03972	0.02947	0.06959	0.03302	0.04931	0.06493	0.02546	0.06551	0.06909	0.03307	0.08238	0.02364	0.04074	0.03039	0.03371	0.04253	0.06245	0.09018	0.06271	0.05949	0.06598	0.16172	0.04784	0.03972
0.82828	0.06296	0.02920	0.08933314681053162	0.06544	0.05945	0.06636	0.03948	0.05155	0.06663	0.05103	0.06590	0.03612	0.05484	0.03259	0.08624	0.02599	0.06658	0.05797	0.04920	0.11994	0.05874	0.02423	0.03660	0.03419	0.03783	0.07448	0.07124	0.03147	0.06420	0.01675	0.03033	0.06402	0.02928	0.04632	0.04961	0.05701	0.27856	0.06194	0.03058	0.07725	0.04105	0.03766	0.03445	0.03044	0.03934	0.03780	0.06231	0.26775	0.02716	0.11720	0.05017	0.02844	0.20455
0.83838	0.09873	0.03211	0.1017753928899765	0.07711	0.03431	0.07608	0.05561	0.05805	0.06006	0.12356	0.03136	0.04406	0.04670	0.07716	0.02361	0.02755	0.04111	0.02311	0.10048	0.11343	0.06711	0.03429	0.03767	0.08079	0.08988	0.08720	0.08515	0.08293	0.08119	0.09315	0.03889	0.03234	0.07214	0.06130	0.06395	0.06782	0.29070	0.07280	0.03220	0.08608	0.19454	0.03953	0.02352	0.07512	0.04242	0.06439	0.03603	0.06825	0.03636	0.05745	0.05472	0.07433	1.59887
0.84848	0.12975	0.02748	0.11240079998970032	0.07366	0.05490	0.03083	0.10034	0.05183	0.02571	0.06138	0.07952	0.03358	0.22098	0.03372	0.02596	0.07263	0.03555	0.02087	0.04077	0.06303	0.06000	0.35618	0.06620	0.08154	0.03988	0.08321	0.07960	0.08092	0.08795	0.02660	0.08715	0.03550	0.02757	0.04766	0.08225	0.02375	0.32702	0.03359	0.03121	0.02921	1.51653	0.04116	0.03263	0.07544	0.09050	0.06293	0.03407	0.04276	0.05622	0.06644	0.09719	0.03917	1.62022
0.85859	0.19657	0.03205	0.24149715900421143	0.03591	0.04309	0.07132	0.23493	0.04586	0.03804	0.06272	0.03181	0.03953	1.68123	0.03380	0.03801	0.02107	0.03306	0.02632	0.07313	0.06856	0.04543	1.70748	0.11040	0.08186	0.07855	0.04149	0.07254	0.03208	0.06884	0.02472	0.11813	0.07970	0.04547	0.05075	0.07072	0.06132	0.30058	0.03250	0.05981	0.02506	1.64598	0.04412	0.09223	0.03432	0.04004	0.05347	0.05613	0.03515	0.04148	0.12025	0.04347	0.03571	1.90047
0.86869	0.27504	0.03428	0.6450440883636475	0.03848	0.04029	0.07561	0.52323	0.06052	0.02617	0.06229	0.06262	0.05181	2.12601	0.03455	0.05315	0.07724	0.04777	0.13924	0.10422	1.74139	0.04116	2.19867	0.05410	0.09251	0.08764	0.09035	0.08236	0.03002	0.21620	0.03137	0.14270	0.08902	0.08339	0.04353	0.11027	0.02326	0.15556	0.03353	0.05174	0.04116	2.00682	0.04956	0.27597	0.03436	0.09302	0.06011	0.05612	0.10129	0.04774	0.04835	0.10892	0.07568	1.83104
0.87879	0.36492	0.04489	1.0570440292358398	0.09776	0.04741	0.02697	0.95350	0.06573	0.12128	0.11848	0.03530	0.05843	2.06843	0.08279	0.36227	0.40086	0.06568	0.61593	0.06019	1.98899	0.06817	2.43831	0.11847	0.09569	0.09352	0.09569	0.09484	0.05004	0.57848	0.06144	0.31410	0.07755	0.43244	0.32266	0.10273	0.05367	0.19011	0.07522	0.07928	0.03955	2.16436	0.06645	0.54383	0.02922	0.13411	0.07887	0.04549	0.10863	0.03726	0.04624	0.06374	0.09081	2.28523
0.88889	0.51759	0.03227	1.8700988292694092	0.03383	0.18247	0.02885	1.24302	0.29252	0.01952	0.35189	0.19099	0.12687	2.40888	0.03076	0.17569	1.37440	0.16688	1.54866	0.03834	2.34626	0.11525	2.66411	0.06308	0.04454	0.03060	0.03468	0.03444	0.12240	1.50389	0.11332	0.54919	0.03956	1.83444	0.69372	0.30710	0.19609	0.18767	0.05606	0.18788	0.03230	2.19102	0.06497	0.90601	0.05650	0.04443	0.23499	0.13203	0.21841	0.07052	0.05130	0.03197	0.03606	2.47107
0.89899	0.69157	0.05449	2.320463180541992	0.05759	0.48691	0.03954	1.27178	0.66184	0.10544	0.87695	0.49461	0.19112	2.58536	0.12905	0.15338	2.14737	0.33525	2.36311	0.07353	2.09690	0.27593	2.69721	0.13509	0.18425	0.05128	0.04380	0.12038	0.31521	2.68143	0.28902	0.99506	0.18183	2.56203	0.12570	0.51868	0.59437	0.32843	0.17432	0.46470	0.05696	2.14540	0.05484	1.55040	0.16378	0.09263	0.22916	0.43139	0.36048	0.15087	0.12886	0.04288	0.04678	2.31572
0.90909	0.98681	0.14725	2.695194959640503	0.19887	1.70082	0.18402	1.64585	0.98134	0.14984	1.87661	1.02245	0.43646	2.75180	0.31463	0.22079	2.60949	0.76326	2.75663	0.03041	2.22564	0.56930	2.93958	0.31027	0.51885	0.24957	0.12129	0.39358	0.61584	3.46182	0.53970	2.01354	0.47064	2.77156	0.19298	0.86235	1.26144	0.65369	0.46396	0.87122	0.15632	2.27780	0.51794	0.85969	0.40652	0.12388	0.52983	1.22380	0.67165	0.22965	0.34008	0.10596	0.05851	2.68891
0.91919	1.45171	0.37148	2.9736602306365967	0.52225	2.78737	0.43334	1.72492	1.66661	0.29723	2.47385	1.85396	0.76813	2.86785	0.77614	0.48028	3.05654	1.26189	3.37893	0.11686	2.43459	1.05230	3.05478	0.69529	1.10957	0.58470	0.44342	1.80985	1.02398	3.84123	1.27164	2.96610	0.77856	3.04170	0.29279	1.07470	1.90116	1.10825	0.99084	1.66513	0.37973	2.52715	2.39069	0.91411	0.77122	0.54367	0.96765	2.37192	1.20754	0.53351	1.02474	0.26674	0.21904	2.86125
0.92929	1.99589	0.70523	3.157766819000244	1.83651	2.75840	0.79375	1.98618	2.78851	0.69042	3.03078	2.95164	1.33970	3.14292	1.20265	0.96767	3.18030	2.03610	3.69207	0.39327	2.58020	1.64675	2.67888	1.32957	2.34392	1.82029	1.06528	2.82220	1.30956	4.15482	2.61549	3.35902	1.28832	3.33154	0.66454	1.35835	2.37166	1.56995	1.79281	2.65267	0.66451	2.62406	2.62790	1.52121	1.24004	1.10848	1.57790	3.15526	1.96059	1.09316	2.25124	0.70688	0.61346	3.10291
0.93939	2.68119	1.50897	3.896979331970215	4.10489	3.82136	1.40321	2.39285	4.11683	1.96811	3.73684	3.49690	2.18268	3.42519	1.81012	1.85590	3.50062	2.99401	4.21060	0.98375	2.55048	2.55537	3.87388	2.16343	3.45917	2.05404	2.26792	2.52449	1.64638	4.59732	4.58559	3.84054	1.94967	3.69399	1.20494	1.64815	2.50132	2.07093	2.68553	2.22166	1.21166	2.84210	2.73048	2.35849	2.01327	2.04095	2.28102	3.80060	3.17301	2.13455	3.14403	1.52015	1.40839	3.30228
0.94949	3.08905	2.10152	4.322434425354004	4.18707	4.32093	1.84536	2.37176	5.08642	3.12099	3.53033	3.55342	2.62936	3.47905	2.04201	2.75044	3.42585	3.45897	3.91605	2.41350	2.47214	2.01147	3.71864	2.82638	3.63088	2.04614	2.69198	2.61184	2.42622	4.71837	5.03846	4.03577	2.10767	3.58304	2.19533	3.29316	2.76190	2.59444	2.92112	2.65897	1.70999	2.65603	3.99655	3.43849	2.53238	2.15483	3.04891	4.33597	4.37452	2.60025	3.66611	2.22192	2.24090	3.00037
0.95960	2.60367	1.63874	3.9717462062835693	3.50003	3.91989	1.83550	3.57678	3.99840	2.92115	2.18402	2.83147	2.37880	2.66876	1.73138	1.94732	2.40059	2.54238	2.44996	3.96878	1.53247	1.76520	1.98852	3.40454	3.24738	1.60553	1.82044	2.28742	2.10219	4.05386	4.35167	3.76818	1.40482	2.27633	3.09081	2.41142	1.55753	2.36581	2.09905	2.15979	1.74907	1.64159	4.24453	2.27433	2.34796	1.61310	3.20696	4.29594	2.08081	2.31722	3.25168	2.35743	2.71858	1.93633
0.96970	1.40113	0.67946	2.405117988586426	2.28875	2.16240	1.24935	2.48090	3.63074	1.31701	0.83002	1.20698	1.44796	0.83140	0.95038	1.09207	0.98777	0.95336	1.76780	2.39670	0.41107	0.82271	1.98967	3.00334	1.18365	0.81357	0.74891	1.05161	0.57929	1.69765	2.84456	2.83172	0.43510	0.59419	2.37501	0.68267	1.00282	1.25241	1.06043	1.05958	1.79559	1.01010	0.65064	0.70069	1.12581	1.14913	2.01940	1.65630	1.08328	1.24319	0.75683	1.60314	2.30922	0.91981
0.97980	1.41063	0.69760	2.5611412525177	0.66920	1.53570	0.70076	1.69249	1.77785	1.49700	1.69273	1.10929	1.29400	2.57305	1.05462	1.65738	1.10462	1.16576	1.75187	0.62053	2.00522	0.98418	2.69671	0.62332	1.77455	2.67739	1.92041	1.72444	1.91382	0.97829	0.89702	0.54911	2.06597	2.68516	0.96144	2.60820	0.83150	0.78754	0.86144	2.01129	0.58281	0.72102	2.55982	1.68805	0.93417	1.10540	0.90321	1.63249	1.07949	0.92719	2.39980	0.91526	0.71367	0.91548
0.98990	2.65580	1.91821	3.6511383056640625	1.82122	2.71011	1.92270	2.74206	3.03172	2.53342	2.79474	2.20840	2.52132	4.20295	2.44369	2.93384	2.29134	2.49011	2.86725	2.14642	3.07715	2.62356	3.79237	2.09638	3.34232	3.26502	3.00637	3.42432	2.81145	2.27847	2.23007	1.87541	2.77117	3.69085	2.50106	4.08261	1.87774	2.12397	2.06345	2.94927	1.80642	1.73211	4.59909	2.52372	2.28230	2.63424	2.10065	3.06834	2.57182	2.04608	3.64673	2.11139	1.93798	2.18490
1.00000	3.29843	2.35627	4.92617654800415	2.04826	3.09753	2.35315	3.00600	3.68212	2.82752	3.27985	2.41671	2.95995	5.80446	3.02438	3.62965	2.58924	3.08042	3.53839	2.61288	3.95497	3.44346	5.30051	2.92940	4.32598	3.72549	3.49178	4.91839	3.48545	2.68233	2.53003	2.32249	3.29356	4.99623	2.95857	5.91481	2.24922	2.53255	2.47892	3.37005	2.19548	2.43943	6.64749	2.68155	2.88667	3.17179	2.53281	3.67716	3.05038	2.46998	4.45998	2.45993	2.35661	3.03778
