p	mean	conf_05	conf_95	trace_00	trace_01	trace_02	trace_03	trace_04	trace_05	trace_06	trace_07	trace_08	trace_09	trace_10	trace_11	trace_12	trace_13	trace_14	trace_15	trace_16	trace_17	trace_18	trace_19	trace_20	trace_21	trace_22	trace_23	trace_24	trace_25	trace_26	trace_27	trace_28	trace_29	trace_30	trace_31	trace_32	trace_33	trace_34	trace_35	trace_36	trace_37	trace_38	trace_39	trace_40	trace_41	trace_42	trace_43	trace_44	trace_45	trace_46	trace_47	trace_48	trace_49
0.00000	2.26506	1.69953	2.3611927032470703	2.36395	2.15189	2.08633	2.38055	1.63060	2.40880	2.07298	2.36089	2.07243	2.35080	2.49807	1.85795	1.80528	1.23428	2.05886	1.71961	2.21778	2.06655	1.86617	1.29764	1.83605	2.31584	2.32574	2.12981	2.06246	2.17763	2.22454	1.98707	1.74504	2.10403	2.19029	1.61633	2.17129	2.15923	2.23625	1.98647	1.76001	1.99506	1.81364	2.08924	2.30958	2.24556	2.09752	2.42195	2.34236	1.70719	2.31871	2.01779	2.03119	1.37604
0.01010	2.34784	1.69840	2.3543598651885986	2.36826	2.18366	2.11546	2.35308	1.59850	2.40341	2.09406	2.36590	2.10325	2.32857	2.50653	1.90165	1.83149	1.31032	2.07778	1.70522	2.23870	2.01728	1.85269	1.31443	1.87225	2.33111	2.28639	2.12811	2.07321	2.20721	2.24498	2.04787	1.75617	2.14713	2.20719	1.63704	2.19735	2.16618	2.25214	2.01933	1.74323	2.01470	1.83774	2.11887	2.30473	2.24020	2.14435	2.40178	2.28312	1.74842	2.32226	2.05359	2.06161	1.35692
0.02020	2.44079	1.77557	2.3877201080322266	2.38033	2.27301	2.19210	2.38753	1.71550	2.44762	2.18203	2.41588	2.20346	2.34786	2.51554	2.03416	1.96401	1.56341	2.16508	1.77845	2.29262	2.01738	1.87754	1.45941	1.99016	2.38941	2.29391	2.16272	2.16056	2.27722	2.30926	2.19460	1.86014	2.22016	2.28314	1.74969	2.26381	2.24237	2.32060	2.12306	1.78638	2.11712	1.98245	2.21415	2.34236	2.26480	2.23097	2.43324	2.23156	1.92517	2.36923	2.16566	2.15375	1.45167
0.03030	2.53536	1.94242	2.4431772232055664	2.43917	2.36410	2.30729	2.45521	1.94691	2.48218	2.29697	2.46658	2.30932	2.42759	2.54220	2.17751	2.11027	1.87898	2.27994	1.92411	2.37028	2.13916	2.00645	1.73829	2.16390	2.44184	2.37387	2.27463	2.29036	2.35794	2.39527	2.33109	2.02260	2.32997	2.38061	1.92992	2.33929	2.34312	2.38950	2.24300	1.94381	2.28946	2.13487	2.30456	2.41470	2.34938	2.31790	2.49864	2.27955	2.18188	2.42879	2.28003	2.26927	1.64812
0.04040	2.62638	2.13994	2.5085363388061523	2.51180	2.42789	2.39501	2.51119	2.12863	2.51096	2.38168	2.50827	2.39458	2.50333	2.57628	2.28569	2.25821	2.14119	2.37206	2.08403	2.44170	2.15964	2.16861	1.96715	2.29001	2.50331	2.46203	2.37923	2.38663	2.43480	2.46040	2.42041	2.18878	2.41169	2.45560	2.11041	2.41280	2.42676	2.45101	2.33779	2.43336	2.42525	2.26484	2.38539	2.48506	2.43532	2.39111	2.54890	2.37485	2.38755	2.48528	2.37370	2.37602	1.83586
0.05051	2.71474	2.30319	2.567291259765625	2.56986	2.50315	2.48268	2.56439	2.29574	2.55181	2.46376	2.57217	2.46487	2.56682	2.62959	2.39063	2.36717	2.33419	2.46430	2.21437	2.49712	2.30401	2.30837	2.13159	2.40780	2.56701	2.60572	2.46739	2.46708	2.49606	2.53627	2.52370	2.32645	2.49044	2.54131	2.27391	2.47128	2.58754	2.51889	2.43809	2.50450	2.54248	2.37618	2.46496	2.55636	2.51310	2.46454	2.55401	2.47346	2.52326	2.54320	2.44478	2.47153	2.04391
0.06061	2.80559	2.41707	2.6298720836639404	2.62915	2.57694	2.55808	2.61675	2.41764	2.60116	2.53717	2.62928	2.53901	2.62698	2.67507	2.47527	2.46655	2.48521	2.54059	2.35013	2.55608	2.36964	2.43049	2.28798	2.50910	2.62676	2.65139	2.54590	2.54187	2.56063	2.60495	2.60428	2.44536	2.56522	2.61559	2.39193	2.53502	2.62897	2.58157	2.52543	2.59100	2.64688	2.46078	2.53275	2.62202	2.59107	2.53620	2.60999	2.57562	2.63522	2.59865	2.66603	2.55081	2.41196
0.07071	2.89723	2.52159	2.717707395553589	2.73958	2.64918	2.63722	2.68045	2.52232	2.66054	2.60915	2.72286	2.60891	2.67784	2.72080	2.55706	2.55083	2.59963	2.61045	2.46780	2.61450	2.49808	2.53341	2.42517	2.59546	2.70819	2.67878	2.61894	2.61195	2.62809	2.67627	2.69572	2.54804	2.64374	2.67850	2.50172	2.59817	2.65765	2.63963	2.60186	2.70300	2.74545	2.53514	2.60191	2.71736	2.66486	2.60165	2.64116	2.65044	2.74208	2.66045	2.69730	2.62622	2.51506
0.08081	2.99328	2.60205	2.8347089290618896	2.78750	2.72389	2.70707	2.77020	2.61078	2.72749	2.67858	2.85597	2.68985	2.83008	2.64667	2.62856	2.62813	2.69489	2.65300	2.57523	2.64505	2.58474	2.61630	2.54230	2.67031	2.85657	2.69581	2.69050	2.67436	2.69139	2.75651	2.89446	2.63717	2.72577	2.73984	2.59516	2.66005	2.78795	2.70851	2.66831	2.80181	2.85960	2.60251	2.67398	2.79243	2.74208	2.67041	2.72208	2.72858	2.85161	2.74934	2.83283	2.73296	2.59788
0.09091	3.09093	2.67969	2.9600894451141357	2.93217	2.77850	2.81979	2.86308	2.76582	2.79931	2.75608	2.96110	2.75783	2.89309	2.74235	2.69195	2.78131	2.77886	2.74848	2.61085	2.70261	2.66301	2.65489	2.65657	2.73826	2.96677	2.84795	2.77502	2.73268	2.78819	2.81600	3.05401	2.72259	2.81895	2.78451	2.68316	2.73473	2.90568	2.75428	2.75357	2.95361	2.97699	2.66161	2.75141	2.99682	2.82463	2.71971	2.83892	2.79209	2.95998	2.81725	2.88612	2.72571	2.68154
0.10101	3.18705	2.73995	3.0706045627593994	3.04860	2.82259	3.02717	2.94025	2.89599	2.85183	2.81441	3.06892	2.82257	3.03077	3.08573	2.73430	2.85400	2.84656	2.78461	2.86039	2.67536	2.76180	2.68221	2.76972	2.78761	3.06511	2.99167	2.84194	2.77107	2.89068	2.86780	3.18695	2.77962	2.90517	2.81504	2.77010	2.68945	3.03556	2.79134	2.88490	3.09598	3.09497	2.71776	2.84420	3.14271	2.89538	2.74058	2.97733	2.85858	3.05666	2.87610	2.99599	2.96506	2.75497
0.11111	3.27834	2.79217	3.1985068321228027	3.14858	2.85184	3.19642	3.01656	2.84327	2.89985	2.86632	3.18325	2.88434	3.17546	3.21725	2.74847	2.95993	2.90968	2.89205	3.04124	2.86033	2.85220	2.74568	2.88853	2.82333	3.17185	3.09214	2.89678	2.79297	2.99869	2.90952	3.32806	2.97597	2.98568	2.84244	2.92180	2.94272	3.14284	2.82285	2.99675	3.21857	3.22416	2.73778	2.92661	3.30534	2.96369	2.72023	3.08210	2.92079	3.16617	2.92669	3.07809	3.10766	2.78500
0.12121	3.36295	2.87943	3.3340864181518555	3.25949	2.91051	3.35326	3.11392	3.22279	2.98080	2.94856	3.30586	2.97531	3.30825	3.34748	2.79087	3.11268	2.99455	3.01390	3.15479	2.97310	2.97623	2.90564	3.04782	2.88232	3.28701	3.19577	2.96851	2.85346	3.16171	2.97872	3.45614	3.15084	3.08683	2.89365	3.12346	3.11233	3.25702	2.89389	3.12703	3.33260	3.35998	2.82416	3.04276	3.45844	3.05122	2.73743	3.19829	3.00025	3.28366	2.99593	3.17170	3.25100	2.83902
0.13131	3.43502	2.92981	3.4199395179748535	3.34434	2.98168	3.47105	3.19940	3.33757	3.04850	3.01670	3.40155	3.05227	3.41710	3.44549	2.84216	3.22113	3.06748	3.10194	3.27602	3.04748	3.10559	3.08676	3.21045	2.92997	3.38954	3.27465	3.02107	2.90626	3.26133	3.05074	3.52947	3.28972	3.17462	2.93580	3.29068	3.25252	3.35381	2.95320	3.23093	3.40878	3.46339	2.92842	3.16030	3.57839	3.12271	2.88445	3.30383	3.07696	3.39204	3.06083	3.24357	3.35967	2.90227
0.14141	3.49525	3.02919	3.52677059173584	3.44726	3.07840	3.61090	3.30011	3.45241	3.16492	3.12807	3.52662	3.16514	3.52814	3.52353	2.94618	3.33525	3.17283	3.21791	3.40307	3.15793	3.21587	3.23538	3.36149	3.02203	3.49250	3.36042	3.10650	3.01585	3.36584	3.14264	3.60217	3.43371	3.28460	3.02999	3.44081	3.40099	3.45635	3.06675	3.33809	3.50050	3.57945	3.03269	3.28128	3.66773	3.21789	3.00520	3.42067	3.19228	3.50547	3.14641	3.33266	3.49245	2.98298
0.15152	3.53923	3.11838	3.60650897026062	3.54211	3.17332	3.71031	3.38974	3.54911	3.25669	3.22899	3.58550	3.26921	3.62598	3.59984	3.03330	3.43481	3.27395	3.31648	3.51909	3.25616	3.30819	3.35800	3.48834	3.11184	3.57348	3.42634	3.18817	3.10829	3.45834	3.22916	3.64482	3.54544	3.37870	3.11911	3.54532	3.52576	3.52196	3.17038	3.42624	3.58401	3.67975	3.12321	3.41782	3.75726	3.29886	3.10247	3.52648	3.30768	3.60435	3.22435	3.41447	3.59089	3.06085
0.16162	3.56696	3.19890	3.6786763668060303	3.62263	3.25802	3.78114	3.47903	3.62344	3.34140	3.31473	3.63669	3.36018	3.68591	3.67731	3.11115	3.51421	3.36140	3.39304	3.61874	3.34062	3.36390	3.45801	3.59545	3.19213	3.62813	3.45152	3.25988	3.20282	3.55644	3.30188	3.67796	3.61984	3.45154	3.19919	3.61934	3.62528	3.58707	3.26232	3.49118	3.65543	3.78444	3.19634	3.50429	3.82630	3.35922	3.18822	3.61677	3.41685	3.68513	3.29039	3.48171	3.66154	3.13153
0.17172	3.57900	3.27134	3.718855381011963	3.68843	3.33349	3.82230	3.53038	3.67634	3.40965	3.38356	3.65649	3.43712	3.75454	3.69260	3.17052	3.57245	3.43478	3.44570	3.70285	3.41088	3.37304	3.54226	3.70750	3.26275	3.65649	3.47144	3.32292	3.28019	3.62090	3.36087	3.65944	3.70172	3.48118	3.26929	3.66694	3.67413	3.65992	3.34207	3.53484	3.71589	3.84423	3.27157	3.61447	3.87539	3.39736	3.26483	3.68948	3.51292	3.74551	3.34064	3.53437	3.70451	3.19762
0.18182	3.57612	3.33496	3.7904908657073975	3.76138	3.41957	3.80834	3.53874	3.73185	3.48301	3.41717	3.67304	3.48138	3.83454	3.70925	3.24815	3.63095	3.51476	3.45641	3.79614	3.44857	3.40091	3.63609	3.75658	3.33752	3.63707	3.48960	3.39489	3.33211	3.64656	3.40526	3.59857	3.78986	3.52655	3.31441	3.66795	3.75247	3.69233	3.39251	3.58019	3.76589	3.85808	3.30810	3.68627	3.92931	3.39878	3.33527	3.71911	3.57091	3.75690	3.40143	3.59362	3.69905	3.27492
0.19192	3.55913	3.38726	3.8155972957611084	3.76693	3.47915	3.81093	3.56967	3.72146	3.49800	3.46982	3.61424	3.55596	3.85457	3.70715	3.31134	3.62069	3.56009	3.48111	3.82406	3.49146	3.40142	3.66770	3.81223	3.36894	3.64495	3.45482	3.42646	3.38929	3.70477	3.45284	3.56192	3.81466	3.52938	3.36487	3.69423	3.75612	3.68290	3.47132	3.56464	3.82928	3.90312	3.36527	3.73772	3.93928	3.39722	3.40012	3.75431	3.63475	3.76766	3.43898	3.61635	3.69321	3.32036
0.20202	3.52934	3.39975	3.859285354614258	3.77234	3.50823	3.75821	3.55935	3.71666	3.51836	3.48650	3.56266	3.59984	3.88480	3.68754	3.35436	3.63105	3.59002	3.46699	3.88219	3.54110	3.38176	3.73697	3.87197	3.40068	3.61224	3.42517	3.46983	3.45623	3.72255	3.46638	3.50113	3.83022	3.49145	3.40636	3.65531	3.76601	3.68458	3.52156	3.55369	3.85788	3.90044	3.38558	3.74348	3.90922	3.39138	3.44083	3.79243	3.69977	3.76858	3.45039	3.60307	3.68720	3.37914
0.21212	3.48814	3.43308	3.874328851699829	3.77154	3.54883	3.67838	3.53197	3.69491	3.52214	3.48482	3.50329	3.63491	3.89770	3.65208	3.41328	3.59421	3.60413	3.43674	3.89505	3.55330	3.38586	3.76827	3.87495	3.41384	3.56752	3.38792	3.50873	3.49388	3.72268	3.46250	3.44133	3.82338	3.45346	3.43666	3.61934	3.75529	3.67010	3.56264	3.54524	3.87432	3.87443	3.43522	3.74657	3.88151	3.35844	3.49494	3.78084	3.69740	3.68131	3.47273	3.59445	3.64297	3.43581
0.22222	3.43810	3.40314	3.824474811553955	3.70114	3.57843	3.56658	3.47453	3.67476	3.52941	3.44865	3.46121	3.63970	3.90299	3.60441	3.47200	3.53394	3.60145	3.38408	3.86058	3.54446	3.40342	3.76114	3.89645	3.40594	3.49747	3.35811	3.54460	3.51760	3.68275	3.42581	3.38583	3.74064	3.40060	3.45492	3.58203	3.74746	3.66034	3.57079	3.50252	3.85855	3.82323	3.45304	3.72289	3.83564	3.31855	3.56394	3.74070	3.70805	3.61638	3.48887	3.58505	3.56942	3.48961
0.23232	3.38167	3.37279	3.763650417327881	3.64551	3.59272	3.47738	3.44163	3.60392	3.49853	3.42600	3.40344	3.65649	3.86962	3.54815	3.52904	3.45582	3.57985	3.35165	3.81819	3.51161	3.42859	3.76284	3.88277	3.37513	3.46082	3.31270	3.57829	3.52519	3.64508	3.40008	3.33475	3.63838	3.34063	3.45669	3.49529	3.69664	3.61028	3.61023	3.44885	3.84498	3.74799	3.45827	3.66853	3.77094	3.27305	3.58314	3.67021	3.66990	3.51558	3.49448	3.52130	3.50610	3.53668
0.24242	3.32186	3.32337	3.697573661804199	3.55621	3.58697	3.40187	3.38932	3.53661	3.43827	3.37350	3.35045	3.67816	3.81284	3.48710	3.57980	3.37066	3.53968	3.30869	3.74089	3.45147	3.44427	3.74596	3.85180	3.32500	3.39416	3.27974	3.61147	3.51327	3.60474	3.34570	3.28789	3.52366	3.28264	3.45287	3.41873	3.61233	3.54359	3.61164	3.38951	3.81009	3.65280	3.42588	3.58434	3.69276	3.23899	3.60736	3.57010	3.59770	3.42304	3.48678	3.46630	3.44116	3.57232
0.25253	3.26134	3.26957	3.6594204902648926	3.44993	3.57363	3.34016	3.33768	3.46982	3.38726	3.31320	3.29413	3.66108	3.73341	3.42466	3.63234	3.29268	3.46954	3.26827	3.62810	3.35970	3.43896	3.70558	3.80515	3.26971	3.35372	3.24853	3.65924	3.46568	3.51315	3.28318	3.24467	3.42493	3.23152	3.39616	3.34609	3.53946	3.45108	3.59335	3.32605	3.76203	3.54565	3.40146	3.47476	3.60704	3.20465	3.60569	3.44764	3.49484	3.34557	3.47568	3.36794	3.38321	3.60968
0.26263	3.20177	3.22056	3.6129512786865234	3.37827	3.49754	3.28757	3.28484	3.37619	3.34160	3.25082	3.25023	3.60691	3.62354	3.36630	3.61177	3.22783	3.41163	3.22966	3.49966	3.27352	3.41360	3.63521	3.74051	3.20850	3.30288	3.21525	3.68542	3.42515	3.43828	3.22115	3.20681	3.35298	3.18749	3.33974	3.28548	3.47535	3.37130	3.53664	3.27995	3.68908	3.41994	3.32653	3.35764	3.52961	3.16798	3.57873	3.31708	3.36730	3.28189	3.41049	3.28040	3.32008	3.58225
0.27273	3.14479	3.17981	3.54054856300354	3.29696	3.41315	3.23633	3.24128	3.29765	3.28640	3.19813	3.20826	3.54002	3.51276	3.30240	3.55896	3.18078	3.33465	3.19195	3.34661	3.18674	3.33855	3.53153	3.66996	3.16403	3.25389	3.18082	3.72928	3.35335	3.34902	3.16494	3.17110	3.30527	3.14217	3.25354	3.23710	3.38815	3.29761	3.47410	3.23507	3.59902	3.31549	3.25222	3.23902	3.44314	3.13296	3.47541	3.22257	3.24931	3.22860	3.33061	3.19225	3.26538	3.54529
0.28283	3.09089	3.12768	3.4512271881103516	3.24206	3.31195	3.19669	3.19716	3.22956	3.23492	3.15444	3.16839	3.45039	3.40208	3.24408	3.45874	3.13550	3.25731	3.16191	3.21103	3.12948	3.23614	3.39810	3.59840	3.12393	3.20876	3.15310	3.75643	3.27005	3.26666	3.12121	3.12809	3.25809	3.10167	3.16304	3.19348	3.32410	3.23648	3.39888	3.20056	3.52984	3.20689	3.18119	3.15511	3.36460	3.10796	3.34631	3.15472	3.14697	3.18396	3.22858	3.12323	3.22559	3.49011
0.29293	3.03997	3.07946	3.309001922607422	3.19030	3.21102	3.15485	3.15157	3.16281	3.18662	3.10227	3.12759	3.33906	3.27864	3.17975	3.30566	3.10042	3.19822	3.11595	3.12274	3.07388	3.13791	3.27622	3.52972	3.09795	3.16461	3.10835	3.78895	3.19459	3.20174	3.06687	3.08435	3.23523	3.05418	3.08017	3.15870	3.25201	3.17803	3.29249	3.15623	3.46903	3.20771	3.12280	3.08103	3.28563	3.05989	3.17992	3.10035	3.08008	3.13384	3.12245	3.06917	3.18743	3.38230
0.30303	2.99145	3.02805	3.2082393169403076	3.13570	3.12564	3.10541	3.11010	3.11026	3.14093	3.05915	3.09056	3.23535	3.18333	3.13308	3.16970	3.06390	3.14978	3.09082	3.07678	3.03597	3.06664	3.17906	3.47712	3.07004	3.11521	3.07114	3.79432	3.12884	3.15229	3.03228	3.07296	3.20523	3.00413	3.01540	3.12535	3.19261	3.12906	3.19961	3.12011	3.41185	3.14470	3.06634	3.02869	3.20114	3.02230	3.04122	3.05556	3.02185	3.09432	3.05377	3.01309	3.14447	3.27384
0.31313	2.94263	2.97315	3.1623127460479736	3.08253	3.06715	3.08832	3.06908	3.05892	3.10153	3.02949	3.04197	3.16142	3.12290	3.08225	3.07419	3.02733	3.09509	3.04000	3.01689	3.01842	3.01302	3.10570	3.42950	3.04435	3.08328	3.04229	3.68775	3.08011	3.09341	2.97333	3.02808	3.15361	2.93737	2.97152	3.08128	3.13045	3.08231	3.11956	3.08413	3.35838	3.08489	3.03173	2.99975	3.22799	2.99976	2.93589	3.01213	2.95010	3.05548	2.99747	2.96355	3.12116	3.17033
0.32323	2.89135	2.93897	3.11971378326416	3.02817	3.03201	3.05945	3.03128	2.99808	3.04896	2.97391	3.00438	3.10824	3.07050	3.01908	3.00135	2.97570	3.05651	3.01979	2.95630	2.97173	2.98232	3.05272	3.38680	3.00311	3.04396	2.98101	3.44190	3.03622	3.03275	2.94109	3.00095	3.14752	2.88708	2.91193	3.05328	3.08755	3.05037	3.06838	3.05226	3.30787	3.02643	2.99230	2.94780	3.19481	2.95937	2.88238	2.96957	2.91995	3.01480	2.96709	2.90322	3.11662	3.08937
0.33333	2.83567	2.89101	3.111677646636963	2.99832	2.99262	3.00051	2.99510	2.95577	3.00319	2.94706	2.96889	3.06201	3.03983	2.98661	2.93583	2.93437	3.05356	2.98259	2.89257	2.93718	2.93912	3.01865	3.34997	2.97637	2.98880	2.92641	3.20765	2.99526	2.99970	2.89218	2.95465	3.11813	2.79973	2.88045	3.02961	3.04187	3.01412	3.02437	3.02137	3.26032	2.96875	2.93774	2.91358	3.16851	2.91449	2.82397	2.93458	2.85280	2.95180	2.95492	2.84344	3.11096	3.02801
0.34343	2.77423	2.83113	3.0438148975372314	2.96079	2.90614	2.99989	2.97148	2.91495	2.95196	2.88285	2.94315	3.02125	3.01535	2.92219	2.86363	2.91219	2.99949	2.92225	2.89362	2.90348	2.87640	2.99051	3.31877	2.94256	2.95946	2.88752	3.04194	2.94822	2.94012	2.82509	2.90042	3.07913	2.73280	2.83180	2.99580	2.98707	2.95298	2.98310	3.00502	3.21423	2.91028	2.91155	2.89403	3.14922	2.84673	2.75208	2.89279	2.80688	2.88456	2.90261	2.78754	3.06073	3.00005
0.35354	2.70556	2.78134	3.0218827724456787	2.91524	2.92272	2.94785	2.91077	2.84863	2.91526	2.85150	2.86647	2.98485	2.96416	2.87175	2.78460	2.86573	3.04090	2.89485	2.87443	2.86134	2.83854	2.96789	3.29333	2.92787	2.91184	2.81399	2.93597	2.90366	2.88331	2.77828	2.81367	3.01977	2.63589	2.78168	2.96939	2.94721	2.90368	2.93297	2.96660	3.16813	2.85058	2.87325	2.85237	3.13748	2.80647	2.67788	2.83680	2.76470	2.83985	2.87538	2.71073	3.05428	2.95349
0.36364	2.62715	2.71100	2.9587512016296387	2.87426	2.89015	2.95142	2.88882	2.79741	2.85927	2.79467	2.82639	2.95145	2.96719	2.81551	2.72624	2.81767	3.06145	2.84915	2.86447	2.80644	2.74397	2.94991	3.27306	2.88854	2.85670	2.76059	2.84801	2.83943	2.81376	2.71124	2.76294	2.95781	2.52940	2.70886	2.92832	2.90148	2.87399	2.90477	2.92404	3.11974	2.78932	2.80288	2.80568	3.13169	2.73913	2.60690	2.77827	2.69263	2.79569	2.85523	2.64801	2.95491	2.91891
0.37374	2.53895	2.63923	2.937037944793701	2.83479	2.81933	2.92102	2.84110	2.72939	2.79594	2.73041	2.76831	2.92002	2.95238	2.77262	2.66802	2.76645	3.06971	2.79377	2.86927	2.78431	2.67462	2.93533	3.25717	2.85086	2.77771	2.67520	2.74175	2.78942	2.74430	2.62409	2.69985	2.90516	2.40423	2.64091	2.88537	2.87267	2.82102	2.86107	2.86997	3.06721	2.72809	2.76910	2.71837	3.12400	2.65771	2.49863	2.69614	2.60183	2.75956	2.79410	2.55727	2.75542	2.86048
0.38384	2.44204	2.53007	2.921529769897461	2.80734	2.76442	2.89492	2.78050	2.65187	2.70320	2.64420	2.69395	2.88907	2.92960	2.72758	2.56960	2.71197	2.97608	2.71075	2.88430	2.71259	2.53084	2.92063	3.24378	2.82103	2.71987	2.59280	2.71865	2.71874	2.66956	2.52319	2.59735	2.82338	2.19012	2.59168	2.79242	2.82242	2.76316	2.81896	2.79885	3.00944	2.67098	2.69235	2.64528	3.09827	2.58484	2.33948	2.63516	2.50988	2.74243	2.72337	2.45863	2.63499	2.82239
0.39394	2.33843	2.41400	2.8806469440460205	2.76301	2.67512	2.87042	2.72326	2.58332	2.61338	2.58215	2.62137	2.85586	2.92743	2.68387	2.43396	2.63204	2.80787	2.66575	2.87855	2.65445	2.33366	2.89948	3.22944	2.75475	2.65170	2.54019	2.59576	2.67734	2.58134	2.41086	2.48861	2.68960	2.02200	2.52175	2.69323	2.77998	2.69186	2.77845	2.72828	2.94576	2.62229	2.61998	2.51214	3.05297	2.46416	2.19138	2.49386	2.41435	2.75911	2.61039	2.36621	2.45325	2.77555
0.40404	2.22989	2.30983	2.8401424884796143	2.75136	2.61522	2.81729	2.61061	2.51497	2.56674	2.50159	2.55648	2.81583	2.88267	2.62549	2.30326	2.58284	2.83748	2.57344	2.79284	2.50489	2.14605	2.86409	3.21288	2.68170	2.57008	2.40188	2.42682	2.60507	2.50358	2.31056	2.32298	2.55965	1.81681	2.42357	2.58195	2.71578	2.61794	2.73684	2.65011	2.87660	2.58829	2.51619	2.41385	3.00832	2.36546	1.95728	2.32275	2.33413	2.82965	2.50887	2.25605	2.32567	2.72144
0.41414	2.12053	2.15281	2.811314105987549	2.72381	2.47497	2.73908	2.59042	2.41810	2.46363	2.37144	2.44017	2.76235	2.83982	2.52519	2.11229	2.50985	2.90062	2.53419	2.59418	2.41458	1.75243	2.80815	3.20310	2.64538	2.47738	2.25562	2.26944	2.53806	2.44144	2.13772	2.16351	2.45173	1.55124	2.34555	2.45493	2.63339	2.55080	2.69743	2.59389	2.80322	2.57936	2.36077	2.26990	2.97393	2.26493	1.72183	2.18584	2.28947	2.93608	2.39788	2.15448	2.17857	2.65828
0.42424	2.01816	1.98331	2.729776620864868	2.68975	2.32114	2.71744	2.50680	2.35271	2.40217	2.27591	2.27424	2.68638	2.77071	2.49959	1.94765	2.39299	2.79609	2.44591	2.30286	2.28070	1.48801	2.72327	3.20544	2.52003	2.33466	2.14815	1.95977	2.49708	2.34844	2.00757	1.98593	2.32720	1.36922	2.28706	2.27748	2.56231	2.48408	2.64888	2.50471	2.72523	2.60748	2.23661	2.22195	2.94638	2.07719	1.40398	2.03465	2.19099	2.87520	2.16445	2.00612	2.09100	2.58256
0.43434	1.91906	1.82329	2.660130262374878	2.64572	2.18075	2.62734	2.42905	2.26181	2.31793	2.16687	2.26309	2.58093	2.65640	2.43842	1.82444	2.39502	2.76915	2.41779	1.97538	2.20360	1.21200	2.58629	3.05748	2.49455	2.25285	1.98504	1.70957	2.41561	2.30816	1.84230	1.81291	2.23195	1.13882	2.18472	2.06823	2.41225	2.38682	2.61841	2.42937	2.64192	2.69367	2.02243	1.98361	2.92960	1.97184	1.07202	1.83002	2.21428	2.71577	1.95116	1.86985	1.99654	2.49127
0.44444	1.82265	1.66803	2.5741522312164307	2.60217	2.09473	2.57104	2.38427	2.18946	2.19427	2.03583	2.10223	2.44790	2.54605	2.35694	1.68718	2.33815	2.61797	2.34158	1.66840	2.08170	1.01421	2.44140	2.88444	2.45765	2.17499	1.84082	1.39926	2.39719	2.20763	1.70852	1.79706	2.14664	1.03290	2.07939	1.68367	2.13296	2.31221	2.56470	2.35042	2.55363	2.87462	1.79996	1.88513	2.94458	1.85297	0.83951	1.72395	2.13749	2.54205	1.66474	1.78437	1.86541	2.38525
0.45455	1.72598	1.39059	2.5102627277374268	2.55442	1.90260	2.51947	2.38363	2.10068	2.06829	1.90036	2.04580	2.34123	2.45717	2.32111	1.60952	2.25457	2.42713	2.24455	1.40512	1.91635	0.87838	2.12562	2.80690	2.43518	2.18909	1.84732	1.18636	2.34495	2.19952	1.51957	1.74268	1.99502	0.90374	1.97745	1.39674	1.70065	2.28052	2.50924	2.27544	2.45870	3.22418	1.52315	1.71266	2.85279	1.64916	0.64336	1.59229	2.11613	2.44764	1.33524	1.64090	1.78834	2.26257
0.46465	1.63133	1.11536	2.4607431888580322	2.48434	1.86387	2.46069	2.29955	2.02721	2.02170	1.78394	1.95658	2.27645	2.43048	2.24043	1.52182	2.23362	2.37228	2.14975	1.19210	1.83101	0.77184	1.75518	2.79554	2.41133	2.06196	1.79858	1.11561	2.31380	2.12691	1.32676	1.75140	1.65602	0.84521	1.91218	1.13466	1.11315	2.20182	2.46126	2.22000	2.35682	3.33141	1.25834	1.57671	2.51034	1.42392	0.51528	1.52057	1.97543	2.43956	1.03643	1.53343	1.81062	2.12293
0.47475	1.53867	0.99005	2.396145820617676	2.39521	1.76976	2.40460	2.25278	1.93463	1.97075	1.61777	1.91509	2.09162	2.42835	2.22888	1.47163	2.18854	2.37333	2.14529	1.03539	1.71912	0.67883	1.33101	2.80670	2.45626	1.98312	1.82757	1.56122	2.23358	2.09252	1.18520	1.91009	1.17475	0.79891	1.78689	1.01129	0.67923	2.08903	2.39100	2.14033	2.25352	2.96053	1.04099	1.45922	2.24925	1.26175	0.42796	1.47754	1.97845	2.34111	0.76948	1.36770	2.10726	1.97655
0.48485	1.43862	0.80373	2.377591848373413	2.34040	1.76490	2.33041	2.21398	1.87049	1.91382	1.49317	1.90675	1.94776	2.39802	2.20801	1.49269	2.19117	2.27715	2.07778	0.93977	1.75223	0.61883	0.96364	2.80329	2.39110	1.96175	1.82537	2.65939	2.21675	2.01241	0.98375	2.17726	0.80917	0.75475	1.67911	1.03247	0.47165	1.96694	2.34240	2.11680	2.16086	2.68477	0.90046	1.37059	2.11490	1.06367	0.37284	1.52500	1.94431	2.22634	0.59085	1.24935	2.37609	1.84343
0.49495	1.32574	0.71847	2.2594823837280273	2.30387	1.73820	2.25566	2.08184	1.85038	1.71587	1.39299	1.90711	1.75032	2.22509	2.16998	1.52136	2.10559	2.20278	1.97986	0.86668	1.73660	0.58942	0.73281	2.76225	2.35387	1.92135	1.95358	2.25819	2.13592	1.94016	0.84592	2.26594	0.56077	0.76371	1.45211	1.48226	0.28840	1.87611	2.25876	2.09023	2.06549	2.30399	0.75048	1.38338	2.03917	0.78358	0.33041	1.55092	1.90248	2.09592	0.47035	1.05285	2.06647	1.68906
0.50505	1.19944	0.59902	2.212970495223999	2.21329	1.70456	2.24677	2.04823	1.72257	1.63957	1.30974	1.87840	1.37898	1.89175	2.03789	1.60511	1.99371	2.18051	1.80808	0.82945	1.66487	0.59981	0.59194	2.72706	2.27414	1.91548	2.12584	1.08822	2.21293	1.81264	0.67399	2.19421	0.41056	0.81173	1.26620	2.29622	0.24080	1.77721	2.17225	2.03930	1.98464	1.91547	0.63427	1.47267	2.00555	0.64799	0.29034	1.62061	1.86316	1.88101	0.39896	0.83469	1.47641	1.53465
0.51515	1.05811	0.48830	2.1053874492645264	2.12843	1.78857	2.15250	2.02635	1.43619	1.44836	1.26574	1.83521	0.84473	1.70443	2.05540	1.77763	1.94541	2.08525	1.81206	0.86827	1.59174	0.69681	0.51701	2.61184	2.21452	1.92467	2.10283	0.51109	2.18229	1.69849	0.48113	2.08986	0.32201	0.95100	1.04714	0.89807	0.20502	1.52533	2.05732	1.96971	1.94221	1.81674	0.56610	1.60943	2.00027	0.48909	0.25682	1.62108	1.89699	1.71586	0.34268	0.65276	0.81874	1.40049
0.52525	0.90769	0.34760	2.0549252033233643	2.09306	1.79090	2.03287	1.95584	0.92119	1.18810	1.20043	1.77946	0.35114	1.87981	2.08164	1.92415	1.88157	2.05290	1.70969	1.30757	1.38801	1.00166	0.46896	1.79900	2.23754	1.91495	1.67150	0.42785	2.11946	1.59178	0.42045	2.07311	0.26268	1.20780	0.71264	0.41484	0.17123	1.42495	1.71374	1.92687	1.92351	1.85805	0.49775	1.75162	1.99594	0.31574	0.22075	1.43560	1.88396	1.48841	0.30297	0.42875	0.43657	1.24766
0.53535	0.75595	0.26839	2.0251054763793945	1.85819	1.60451	2.01195	2.09660	0.44026	0.97312	1.28490	1.77101	0.24278	2.71752	2.14256	1.99878	1.83095	1.98859	1.59044	0.53251	1.12452	1.72899	0.44255	0.62187	2.17285	1.84420	1.47475	0.41777	1.92364	1.32417	0.35403	2.02412	0.22576	1.47509	0.54045	0.29369	0.14431	1.18625	0.62103	1.88555	1.88368	1.74564	0.44197	1.78555	2.03397	0.34426	0.20470	1.20346	1.95354	1.46957	0.27124	0.30794	0.23619	1.10939
0.54545	0.60779	0.24227	2.025994300842285	1.44610	1.26248	1.88060	2.39761	0.32924	0.63183	1.29877	1.57047	0.26023	0.87185	2.24965	2.02234	1.78375	1.86754	1.47832	0.25012	0.64103	1.78530	0.42731	0.39958	2.25378	2.00732	1.39700	0.43988	1.12438	1.04528	0.26169	2.17859	0.20194	1.45042	0.33983	0.24989	0.12446	0.84739	0.31777	1.84504	1.53645	1.76291	0.39450	1.71468	2.05890	0.25164	0.15832	0.98553	2.00468	1.28129	0.24505	0.21190	0.21728	0.97293
0.55556	0.47400	0.18280	1.8398206233978271	0.99352	0.89037	1.71032	2.40865	0.28094	0.44073	1.32267	1.48033	0.14863	1.28882	2.34920	1.72284	1.69212	1.82490	1.40260	0.17643	0.28822	1.97409	0.41658	0.32054	1.74748	2.04280	1.32418	0.47595	0.40459	0.66133	0.20025	1.56025	0.18511	1.33287	0.19747	0.23011	0.10973	0.46050	0.23959	1.79212	0.90729	1.76861	0.34992	1.64969	1.48321	0.18350	0.13991	0.74321	2.03955	1.05618	0.22146	0.15612	0.19808	0.82653
0.56566	0.35853	0.13376	1.7094675302505493	0.83111	0.43566	1.70833	0.56888	0.24994	0.21509	1.25954	0.96748	0.12597	1.13162	2.31586	1.32281	1.68894	1.71975	1.23761	0.13974	0.15440	1.99192	0.40467	0.27822	1.34130	1.86754	1.23170	0.51112	0.39780	0.32507	0.18260	1.04923	0.17147	1.10124	0.12998	0.21837	0.09778	0.25276	0.18598	1.70759	0.44665	1.86759	0.30067	1.44026	1.14335	0.13602	0.12225	0.60487	1.11981	0.75262	0.19756	0.13393	0.13224	0.69794
0.57576	0.26562	0.11509	1.145189881324768	0.85626	0.31609	1.57029	0.30909	0.24777	0.12325	0.91945	0.44464	0.10576	0.76720	2.09596	1.06202	0.99562	1.53503	1.10188	0.11539	0.10903	0.78889	0.48695	0.16209	0.99137	2.31698	1.09973	0.49708	0.27202	0.22297	0.16559	0.74285	0.16023	0.32160	0.15648	0.21013	0.08756	0.16038	0.14406	1.70867	0.37724	0.11702	0.24554	1.04948	0.51956	0.11960	0.10577	0.49075	0.43064	0.50187	0.17377	0.13165	0.11239	0.73418
0.58586	0.19998	0.09704	0.8088736534118652	1.09570	0.34576	0.79189	0.14382	0.45227	0.10351	0.32469	0.32387	0.08924	0.46001	1.39677	0.45846	0.22057	1.28753	0.96177	0.09767	0.08903	0.27500	0.56931	0.12150	0.14700	0.76490	0.67735	0.34584	0.24474	0.10528	0.14569	0.49573	0.15184	0.26215	0.11714	0.20698	0.07868	0.10501	0.11374	1.82772	0.24610	0.08114	0.19246	0.66811	0.15973	0.12290	0.09135	0.40895	0.60232	0.30739	0.15247	0.17393	0.16620	0.48105
0.59596	0.15968	0.07905	0.6335039138793945	0.76458	0.25370	0.16811	0.21879	0.13219	0.09255	0.17058	0.16343	0.07636	0.33735	0.62549	0.22567	0.09596	0.48502	0.88088	0.08459	0.07961	0.19519	0.70565	0.14692	0.06685	0.44445	0.32600	0.35020	0.17605	0.08764	0.18034	0.28880	0.14799	0.20594	0.14808	0.23020	0.07107	0.08824	0.09325	1.56721	0.28998	0.06507	0.15645	1.03509	0.07841	0.07912	0.07976	0.31935	0.45990	0.25316	0.13549	0.08451	0.12796	0.23942
0.60606	0.13182	0.06576	0.36583560705184937	0.98648	0.19653	0.18109	0.65057	0.09098	0.07602	0.15352	0.12169	0.06769	0.23188	0.28939	0.19122	0.07380	0.19919	0.68873	0.07629	0.07435	0.22054	0.28402	0.15497	0.06029	0.33808	0.18245	0.24156	0.13854	0.07154	0.08832	0.15862	0.15302	0.26233	0.07894	0.16880	0.06598	0.07104	0.07980	0.46255	0.22104	0.05706	0.24431	0.36552	0.06353	0.06377	0.07203	0.36865	0.06200	0.21265	0.12264	0.07235	0.15659	0.33471
0.61616	0.11506	0.05891	0.28927889466285706	0.28677	0.10125	0.14338	0.20446	0.52779	0.06636	0.14027	0.10906	0.05906	0.18447	0.16653	0.07666	0.06237	0.28181	0.15185	0.06784	0.06812	0.31189	0.11569	0.14485	0.05598	0.50084	0.11429	0.21993	0.22686	0.06062	0.07888	0.13740	0.40527	0.18431	0.06869	0.06761	0.05976	0.06208	0.06517	0.14399	0.24943	0.05084	0.17469	0.18557	0.05757	0.05047	0.06416	0.24253	0.05659	0.20070	0.12442	0.06378	0.10200	0.56092
0.62626	0.10229	0.05320	0.2946261763572693	0.31125	0.09475	0.10080	0.09507	0.51351	0.06381	0.09218	0.11004	0.05273	0.14442	0.16311	0.09758	0.05358	0.11216	0.10731	0.06210	0.06214	0.29278	0.12577	0.13094	0.05200	0.43649	0.17568	0.21049	0.17405	0.05696	0.07035	0.09852	0.06051	0.17902	0.06263	0.06123	0.05347	0.05817	0.09992	0.07500	1.13625	0.04512	0.08295	0.10194	0.05325	0.04389	0.05836	0.11718	0.05016	0.19580	0.16117	0.05747	0.13696	0.45556
0.63636	0.08922	0.05111	0.2809848189353943	0.33432	0.08907	0.05197	0.07418	0.09439	0.05858	0.05829	0.14782	0.04550	0.15265	0.05357	0.07532	0.05763	0.17329	0.11038	0.05570	0.08753	0.40265	0.07413	0.09967	0.04616	0.09467	0.10124	0.13870	0.18766	0.05177	0.05945	0.09188	0.13392	0.28069	0.05112	0.05444	0.13488	0.05271	0.07919	0.12412	0.49326	0.08779	0.05837	0.08762	0.07768	0.04069	0.05206	0.06689	0.04088	0.28360	0.22016	0.05103	0.11619	0.44093
0.64646	0.08042	0.04563	0.2271852195262909	0.08481	0.07087	0.04616	0.10036	0.12607	0.05414	0.04681	0.12957	0.08079	0.13332	0.03815	0.08492	0.07148	0.14395	0.09997	0.05088	0.15532	0.26693	0.08100	0.09351	0.04086	0.07004	0.04932	0.17345	0.22680	0.04616	0.05120	0.07910	0.08610	0.39625	0.04694	0.04967	0.12090	0.04793	0.08354	0.14510	0.33096	0.07074	0.05165	0.08561	0.09809	0.03951	0.04722	0.16998	0.03253	0.23067	0.20837	0.04670	0.03988	0.38085
0.65657	0.07268	0.03855	0.23999807238578796	0.06047	0.08191	0.06329	0.03791	0.23376	0.04883	0.03940	0.09632	0.05202	0.06675	0.03470	0.06664	0.09760	0.12114	0.06842	0.04564	0.11335	0.52407	0.10530	0.08428	0.03444	0.05626	0.04560	0.11721	0.13902	0.07982	0.04544	0.05787	0.12019	0.16613	0.04154	0.04364	0.11504	0.04224	0.11471	0.06355	0.30848	0.09666	0.04348	0.06315	0.11882	0.03863	0.04647	0.03904	0.03369	0.29612	0.33434	0.04228	0.03776	0.32481
0.66667	0.06539	0.03880	0.1351735144853592	0.09719	0.08023	0.04478	0.04961	0.18089	0.03894	0.04375	0.09226	0.05589	0.10095	0.05654	0.12221	0.06400	0.10432	0.06231	0.04608	0.08294	0.06434	0.09022	0.07737	0.05941	0.03755	0.03947	0.05213	0.16540	0.06745	0.04017	0.04637	0.07254	0.13778	0.07806	0.08165	0.07005	0.02910	0.07998	0.04473	0.06120	0.11154	0.06779	0.03976	0.13488	0.03706	0.05408	0.04792	0.06394	0.29933	0.33951	0.04292	0.03438	0.03531
0.67677	0.06131	0.03676	0.13148799538612366	0.08866	0.05207	0.07433	0.04401	0.17897	0.13112	0.09010	0.07568	0.10556	0.08807	0.09746	0.03931	0.10608	0.08482	0.05969	0.04311	0.11187	0.04069	0.03136	0.05992	0.11812	0.02764	0.05292	0.08612	0.19534	0.09582	0.18766	0.06845	0.05540	0.10506	0.07634	0.02725	0.10391	0.04896	0.06939	0.07218	0.05530	0.11948	0.13478	0.06565	0.07087	0.03697	0.04597	0.08284	0.05589	0.28685	0.10731	0.06147	0.03143	0.03486
0.68687	0.05657	0.03838	0.09552471339702606	0.06665	0.04084	0.03962	0.06318	0.21552	0.07874	0.03839	0.06378	0.06985	0.08297	0.03476	0.04276	0.05974	0.03878	0.03895	0.07259	0.07161	0.02842	0.04158	0.09356	0.06496	0.03826	0.05247	0.09550	0.03951	0.04268	0.05650	0.06043	0.04399	0.06767	0.07199	0.03818	0.10477	0.08518	0.06145	0.06075	0.07962	0.13155	0.05272	0.03653	0.06386	0.07386	0.04012	0.08630	0.09577	0.25425	0.06286	0.07490	0.06001	0.05771
0.69697	0.05487	0.03323	0.07822663336992264	0.06297	0.03089	0.03661	0.05262	0.23718	0.03406	0.07572	0.04860	0.05242	0.04077	0.03529	0.03221	0.06068	0.03468	0.05181	0.04238	0.04618	0.08235	0.06135	0.07777	0.06884	0.05065	0.03804	0.03714	0.05160	0.07399	0.06620	0.05509	0.06858	0.02829	0.03210	0.03224	0.10159	0.03484	0.05781	0.03605	0.06856	0.04727	0.03435	0.03354	0.04297	0.04226	0.03638	0.03931	0.04018	0.22275	0.08901	0.03712	0.03334	0.03603
0.70707	0.05529	0.03694	0.08506248146295547	0.05255	0.02495	0.03787	0.07759	0.05344	0.04078	0.08488	0.04649	0.08406	0.03945	0.03848	0.04064	0.11809	0.06505	0.05187	0.04564	0.06997	0.07781	0.04084	0.10034	0.06730	0.03830	0.04123	0.04236	0.05211	0.07221	0.08675	0.05512	0.06524	0.06965	0.05117	0.03879	0.12280	0.07125	0.03931	0.03747	0.03353	0.04247	0.03296	0.03280	0.07484	0.04510	0.04515	0.07722	0.07587	0.21113	0.07807	0.03724	0.03431	0.05252
0.71717	0.05471	0.03542	0.09266231954097748	0.04310	0.03230	0.03559	0.03744	0.07035	0.04073	0.04463	0.04593	0.04354	0.03439	0.05018	0.03847	0.04759	0.12254	0.05050	0.03605	0.08880	0.04271	0.05728	0.06460	0.10943	0.04441	0.03841	0.03867	0.04067	0.06800	0.04252	0.05334	0.05862	0.04682	0.07473	0.09845	0.09202	0.02959	0.05256	0.03554	0.06381	0.03842	0.03869	0.05811	0.06409	0.03979	0.12273	0.03733	0.03903	0.19760	0.02465	0.03673	0.03107	0.05240
0.72727	0.05469	0.03327	0.06988954544067383	0.06394	0.04037	0.03659	0.05375	0.05347	0.06339	0.05400	0.08442	0.04429	0.03153	0.05246	0.03486	0.06991	0.03850	0.05169	0.05180	0.06989	0.02496	0.03856	0.03714	0.08089	0.04217	0.05314	0.05293	0.04313	0.06707	0.04167	0.05316	0.03520	0.03036	0.05834	0.04826	0.03480	0.06718	0.03877	0.05615	0.03075	0.05739	0.03738	0.02948	0.03861	0.04281	0.07814	0.06987	0.06834	0.18311	0.04027	0.03696	0.03347	0.05408
0.73737	0.05555	0.03478	0.07542639970779419	0.06025	0.04292	0.03752	0.05387	0.07539	0.04001	0.08223	0.03343	0.06392	0.04105	0.05438	0.03949	0.04516	0.03555	0.03857	0.07572	0.09295	0.03115	0.03925	0.03864	0.06771	0.04218	0.04068	0.04057	0.05566	0.06746	0.04447	0.05194	0.03706	0.03425	0.05694	0.07614	0.03483	0.06673	0.05486	0.05733	0.06312	0.05545	0.03673	0.02937	0.05700	0.04312	0.05056	0.03922	0.04182	0.17496	0.02645	0.03799	0.03513	0.05541
0.74747	0.05706	0.03358	0.06406768411397934	0.04122	0.04047	0.05573	0.03591	0.03020	0.04003	0.12572	0.03518	0.05992	0.03765	0.05279	0.05421	0.05531	0.03276	0.05080	0.03342	0.03196	0.04642	0.05345	0.03806	0.06015	0.04119	0.03953	0.03931	0.03726	0.06803	0.06679	0.04732	0.03612	0.04198	0.04556	0.07480	0.03360	0.06376	0.05295	0.05484	0.05929	0.05185	0.03503	0.05764	0.03907	0.04162	0.06007	0.04114	0.04051	0.18713	0.05117	0.03728	0.03308	0.03637
0.75758	0.05995	0.03941	0.08246725052595139	0.04554	0.04695	0.04118	0.03924	0.05568	0.05583	0.08241	0.03999	0.04952	0.04115	0.06689	0.10073	0.06673	0.03943	0.04097	0.03786	0.11187	0.04576	0.04116	0.04347	0.07264	0.04533	0.04360	0.04359	0.04134	0.09618	0.04682	0.05732	0.04121	0.04408	0.04983	0.05924	0.03894	0.08027	0.04340	0.06915	0.07366	0.06539	0.03918	0.03331	0.06663	0.04587	0.07321	0.05396	0.04784	0.09104	0.06601	0.08301	0.07076	0.06635
0.76768	0.06197	0.03934	0.07399140298366547	0.04509	0.05803	0.06410	0.06151	0.04974	0.05774	0.07145	0.06050	0.06484	0.06044	0.06305	0.04576	0.04517	0.06923	0.04080	0.03247	0.03445	0.08040	0.04079	0.05869	0.06512	0.06609	0.06528	0.04347	0.06378	0.19155	0.04255	0.04430	0.06033	0.04306	0.06454	0.05248	0.03940	0.07225	0.06274	0.06440	0.03476	0.03878	0.07455	0.03457	0.06139	0.06819	0.06613	0.05307	0.04784	0.06502	0.07393	0.07849	0.07551	0.06070
0.77778	0.06532	0.03887	0.06884285062551498	0.04407	0.04648	0.06795	0.03837	0.04750	0.04171	0.06572	0.06614	0.06463	0.06458	0.06861	0.09410	0.06420	0.06689	0.03963	0.08935	0.09977	0.03638	0.06604	0.05989	0.06883	0.04361	0.04267	0.04257	0.04052	0.06765	0.06839	0.04393	0.06473	0.04209	0.04817	0.06308	0.03892	0.06945	0.06762	0.06892	0.06875	0.03621	0.04010	0.06221	0.06585	0.04470	0.06868	0.03438	0.04689	0.06760	0.04757	0.04200	0.03980	0.03566
0.78788	0.07344	0.03847	0.07501298189163208	0.04675	0.05129	0.04411	0.06712	0.06354	0.03763	0.06472	0.04351	0.06012	0.04321	0.07070	0.01746	0.04510	0.05363	0.04228	0.08314	0.03639	0.03741	0.06785	0.05815	0.04611	0.07289	0.07325	0.04547	0.04301	0.06308	0.05101	0.04579	0.06655	0.04546	0.05241	0.05252	0.04233	0.06569	0.04589	0.07123	0.03823	0.03849	0.08090	0.06178	0.04524	0.07496	0.06954	0.07551	0.05173	0.03957	0.09524	0.08862	0.04172	0.06802
0.79798	0.08762	0.04017	0.07097285985946655	0.04469	0.06092	0.06514	0.03938	0.05052	0.04021	0.07581	0.04144	0.06942	0.06315	0.04189	0.03281	0.04216	0.06840	0.03978	0.04155	0.10482	0.03663	0.06440	0.06734	0.06735	0.06900	0.06987	0.04348	0.06729	0.06549	0.11253	0.05271	0.04131	0.06461	0.05170	0.05219	0.05879	0.05996	0.06582	0.04184	0.06055	0.03529	0.07503	0.05118	0.06449	0.07052	0.05063	0.05640	0.05587	0.06541	0.09201	0.04214	0.04196	0.06525
0.80808	0.11323	0.04261	0.07376353442668915	0.06928	0.06411	0.04522	0.06384	0.06320	0.05832	0.08661	0.06895	0.13076	0.06621	0.04371	0.04196	0.06615	0.06447	0.06423	0.02481	0.07425	0.04186	0.06767	0.06966	0.04503	0.07251	0.07355	0.04581	0.04267	0.06421	0.06076	0.05955	0.06744	0.04783	0.05668	0.05629	0.04323	0.24026	0.04621	0.04480	0.04210	0.03663	0.07763	0.05622	0.04473	0.07371	0.05475	0.05279	0.05696	0.06815	0.05260	0.04400	0.05372	0.06898
0.81818	0.15509	0.04557	0.09831927716732025	0.05044	0.06250	0.04995	0.05834	0.06141	0.02652	0.10991	0.04647	0.08734	0.04641	0.04691	0.10375	0.04625	0.37045	0.05956	0.05460	0.02371	0.04816	0.06417	0.05188	0.04764	0.05017	0.07006	0.05006	0.06654	0.08564	0.06279	0.04310	0.04595	0.05955	0.06256	0.06523	0.05871	0.21566	0.06527	0.05037	0.04991	0.04028	0.04583	0.07044	0.06474	0.07008	0.06233	0.06116	0.16273	0.05655	0.09772	0.08115	0.04318	0.06148
0.82828	0.21420	0.04289	0.08776108920574188	0.04774	0.06044	0.06316	0.05325	0.06048	0.05844	0.12494	0.06757	0.03038	0.06506	0.06841	0.04858	0.06548	0.42480	0.06113	0.04942	0.03550	0.04174	0.06597	0.08639	0.06948	0.04688	0.04505	0.06732	0.04302	0.05871	0.10808	0.07189	0.06652	0.05138	0.06302	0.06085	0.04463	0.07500	0.06586	0.06240	0.02860	0.03597	0.07221	0.07716	0.04454	0.04854	0.05889	0.05913	0.19649	0.06213	0.05720	0.08696	0.09495	0.04671
0.83838	0.29690	0.03691	0.08677557110786438	0.05760	0.04719	0.05568	0.04223	0.05802	0.03058	0.07760	0.06047	0.06967	0.05770	0.06036	0.02742	0.03518	0.18778	0.05252	0.04711	0.07361	0.02914	0.05360	0.09180	0.03796	0.06100	0.06268	0.05839	0.03853	0.05123	0.07495	0.07231	0.05969	0.04639	0.03710	0.05182	0.03980	0.06912	0.05750	0.05332	0.10347	0.03459	0.06277	0.08622	0.05904	0.04306	0.04957	0.05222	0.05961	0.05721	0.14827	0.03716	0.03942	1.23262
0.84848	0.41309	0.04176	0.12349143624305725	0.04868	0.04520	0.04929	0.04195	0.07429	0.05492	0.11224	0.05410	0.08146	0.04918	0.04258	0.06618	0.03835	0.05383	0.04369	0.03569	0.02738	0.07497	1.02793	0.13409	0.05567	0.04686	0.04428	0.04961	0.05129	0.12692	0.06924	0.05668	0.04008	0.04334	0.06409	0.07572	0.04525	0.13806	0.04783	0.05481	0.03407	0.04407	0.04234	0.11749	0.05301	0.04974	0.07763	0.06319	0.11795	0.06491	0.12311	0.05561	0.04593	1.59896
0.85859	0.58659	0.04427	0.16607053577899933	0.05638	0.05101	0.05904	0.13146	0.05398	0.06848	0.14107	0.06141	0.05440	0.06012	0.06031	0.05489	0.05866	0.09838	0.04449	0.02474	0.16572	0.04767	2.00138	0.22931	0.04230	0.05974	0.06077	0.05685	0.05492	0.09394	0.07722	0.07010	0.04136	0.07278	0.07756	0.08438	0.05138	0.16921	0.05265	0.06901	0.03566	0.46105	0.06148	0.12751	0.06040	0.06285	0.05853	0.05334	0.08617	0.05741	0.13427	0.03456	0.05267	1.80635
0.86869	0.81455	0.05264	0.30231159925460815	0.05168	0.07050	0.04709	0.21204	0.07719	0.07826	0.14794	0.05824	0.08398	0.47028	0.05262	0.09950	0.04721	0.10609	0.14550	0.06394	1.48624	0.07050	2.04095	0.10004	0.05251	0.05306	0.05299	0.05264	0.08348	0.17253	0.11778	0.16800	0.05282	0.18392	0.07451	0.05676	0.06899	0.18303	0.06620	0.05616	0.08534	1.57139	0.05475	0.28365	0.05791	0.05922	0.08314	0.06056	0.11393	0.05871	0.06366	0.08755	0.10018	2.18158
0.87879	1.09094	0.05420	1.066508412361145	0.08091	0.11579	0.08995	0.31443	0.20377	0.05025	0.18135	0.05464	0.18427	1.65168	0.04921	0.36354	0.17903	0.13110	0.38287	0.04719	2.27715	0.12092	2.28651	0.12137	0.06632	0.07911	0.07291	0.05916	0.13435	0.35433	0.16007	0.20543	0.04880	1.00149	0.15517	0.09277	0.09712	0.19136	0.08145	0.10494	0.09134	1.99486	0.06409	0.54047	0.07310	0.09291	0.23223	0.09488	0.24228	0.13383	0.12964	0.05022	0.08204	2.16370
0.88889	1.37180	0.06951	2.0357425212860107	0.06852	0.25005	0.07478	0.60272	0.23225	0.13956	0.43273	0.15476	0.19980	2.36380	0.10494	0.19452	0.50422	0.14105	1.34822	0.05040	2.31499	0.27217	2.55038	0.09369	0.06672	0.06962	0.06151	0.13169	0.18538	0.80437	0.22666	0.41164	0.07165	2.22048	0.20308	0.18174	0.12258	0.15315	0.07503	0.25658	0.17277	2.01522	0.05724	0.93028	0.07007	0.08707	0.34110	0.23236	0.28331	0.10235	0.13874	0.07702	0.07314	2.30657
0.89899	1.55578	0.12056	2.270385980606079	0.10375	0.39557	0.16691	0.91690	0.54920	0.12100	0.78739	0.26294	0.35901	2.62054	0.12726	0.17806	1.23534	0.31483	2.15961	0.06936	2.55311	0.35723	2.74195	0.19271	0.14050	0.11655	0.13349	0.14493	0.43653	1.59366	0.28578	0.68499	0.20634	2.50512	0.23842	0.40308	0.36940	0.30749	0.14165	0.48891	0.18322	2.24430	0.17374	0.89226	0.18107	0.13550	0.30334	0.39501	0.41991	0.14653	0.21778	0.10786	0.10501	2.57802
0.90909	1.56116	0.26403	2.4855594635009766	0.25311	1.14660	0.26524	1.21133	0.75854	0.28098	1.45411	0.64786	0.52517	2.57065	0.34422	0.31803	1.85501	0.55296	2.47768	0.12972	2.48138	0.78384	2.68043	0.28040	0.42813	0.29335	0.19215	0.32961	0.72400	2.71813	0.58985	1.43773	0.37319	2.77615	0.37960	0.69431	0.71566	0.46178	0.35200	0.86594	0.36343	2.22794	0.57043	0.51452	0.30641	0.32965	0.54102	1.07561	0.77004	0.27846	0.50816	0.23057	0.22977	2.52313
0.91919	1.66263	0.48642	2.624739646911621	0.53783	1.98574	0.48693	1.51733	1.22091	0.47137	1.99671	1.21921	0.98454	2.79620	0.65766	0.48186	2.44897	1.12823	3.00372	0.32608	2.54843	1.39737	2.73966	0.60326	0.88442	0.60218	0.49641	1.59297	1.17228	3.21105	1.02360	2.05275	0.83293	2.83819	0.58499	0.94504	1.48924	0.91578	0.86026	1.78342	0.60581	2.20755	2.36296	0.70046	0.69443	0.63919	0.81908	1.96076	1.22307	0.60655	1.31432	0.37768	0.41787	2.61197
0.92929	1.85663	0.86317	2.7354989051818848	1.36845	2.28198	0.83476	1.63253	1.90162	0.85737	2.35130	2.04326	1.48766	2.72535	1.17799	0.89492	2.73007	1.73894	3.19983	0.60717	2.58660	1.84289	2.41766	1.13030	1.82569	1.42306	1.05356	2.22052	1.59327	3.48237	1.94947	2.48098	1.16256	2.81233	0.86381	1.31851	2.02499	1.29732	1.30453	2.07819	0.89806	2.27200	2.63141	1.22120	1.07485	1.39790	1.34959	2.79873	1.88542	1.12119	1.90373	0.74586	0.75057	2.78439
0.93939	2.06350	1.39206	2.9665112495422363	3.45515	2.66980	1.24394	1.91818	2.78669	1.70826	2.83579	2.55331	2.06527	2.81974	1.50507	1.38237	2.82294	2.20770	3.33072	1.10064	2.30660	2.25993	2.04752	1.63898	2.72784	1.94840	1.71269	1.98630	1.80396	3.48800	3.53372	2.71678	1.70933	2.98368	1.40867	1.36619	2.33700	1.63676	1.83883	2.00869	1.42801	2.33915	2.49055	1.78566	1.54153	2.06334	1.74337	2.96460	2.73165	1.73248	2.57911	1.39314	1.34684	2.59903
0.94949	2.06350	1.70847	3.2179155349731445	3.21669	2.98757	1.60741	1.67423	3.18533	2.37698	3.24370	2.68785	2.20081	2.59639	1.43058	1.96796	2.44976	2.54599	2.52364	2.03312	1.95938	1.86580	3.35661	2.04753	2.56999	1.78397	2.10261	2.08736	1.81159	3.36765	3.72893	2.89663	1.76501	2.70546	2.01458	2.26535	2.15218	1.76508	2.16667	2.15775	1.60780	1.97482	2.28313	2.30897	1.60389	1.91664	2.05744	3.22899	3.18471	2.01981	2.79161	1.71227	1.81934	2.26874
0.95960	2.06350	1.21538	2.510681629180908	2.47330	2.38857	1.46051	1.83961	3.09986	2.07799	1.70400	1.90262	1.74998	1.43098	1.06595	1.40839	1.52525	1.72115	1.89923	2.81039	1.03542	1.37382	1.61125	2.15602	1.55914	1.06468	1.21874	1.47833	1.40751	2.50042	2.92177	2.30066	2.16814	1.59781	2.14712	2.66489	1.43766	1.50991	1.51140	1.51799	1.43506	1.13928	2.12174	1.63826	1.36061	1.18517	1.85880	2.60304	1.49048	1.54158	1.80264	1.55804	1.87799	1.26316
0.96970	2.06350	0.43542	1.10824453830719	1.01160	0.72686	0.64569	0.94867	1.08092	0.73053	0.46771	0.52414	0.79340	0.49668	0.45884	0.42286	0.45769	0.49196	0.79888	1.37892	0.48040	0.44715	1.71715	1.05013	0.43377	0.95017	0.41519	0.52605	0.40942	0.65374	1.24652	1.10369	0.62758	0.54790	1.17839	0.82498	0.49464	0.54008	0.49964	0.51124	1.14921	0.43126	0.49930	0.43560	0.49620	0.51072	0.66977	0.54737	0.45789	0.47747	0.55695	0.66812	0.91926	0.46386
0.97980	2.06350	1.06628	2.450225830078125	1.10398	1.68391	1.08353	1.84981	1.93186	1.65053	1.80341	1.30250	1.45749	2.51732	1.22662	1.80185	1.28704	1.35628	1.89632	1.18536	2.08776	1.26402	2.65459	0.97945	1.94570	2.62190	1.93619	2.01303	2.04163	1.22139	1.27579	1.02126	2.20352	2.51975	1.40551	2.54156	1.09726	1.03832	1.08717	2.09570	1.06873	1.04422	2.44277	1.76440	1.18072	1.33921	1.20679	1.75059	1.28425	1.39917	2.36484	1.12146	1.02624	1.15072
0.98990	2.06350	2.15941	3.3322885036468506	1.98577	2.71800	2.18555	2.77001	2.96026	2.58853	2.78022	2.25219	2.57876	3.68345	2.57648	2.90926	2.36959	2.56319	2.89067	2.34361	2.95341	2.72334	3.39269	2.41737	3.23118	3.20511	2.91395	3.21649	2.84203	2.45808	2.34938	2.15191	2.83876	3.38992	2.60346	3.53491	2.10298	2.24741	2.26055	2.95176	2.10766	2.14661	3.96885	2.59088	2.51380	2.60622	2.30980	2.99543	2.59714	2.35537	3.32588	2.24760	2.16025	2.41125
1.00000	2.06350	2.56922	4.219754695892334	2.27618	3.11291	2.58610	3.06035	3.51785	2.86750	3.20723	2.50142	3.00078	4.73414	3.12426	3.46927	2.68148	3.05449	3.39415	2.75433	3.68182	3.32844	4.32972	3.04739	3.97051	3.59498	3.39865	4.23334	3.36894	2.81891	2.67032	2.54523	3.27327	4.21825	3.00032	4.72990	2.44330	2.68519	2.64678	3.37652	2.49771	2.69079	5.06862	2.74203	3.02304	3.10357	2.73762	3.51311	2.96299	2.69876	3.93847	2.60887	2.57189	3.08007
