p	mean	conf_05	conf_95	trace_00	trace_01	trace_02	trace_03	trace_04	trace_05	trace_06	trace_07	trace_08	trace_09	trace_10	trace_11	trace_12	trace_13	trace_14	trace_15	trace_16	trace_17	trace_18	trace_19	trace_20	trace_21	trace_22	trace_23	trace_24	trace_25	trace_26	trace_27	trace_28	trace_29	trace_30	trace_31	trace_32	trace_33	trace_34	trace_35	trace_36	trace_37	trace_38	trace_39	trace_40	trace_41	trace_42	trace_43	trace_44	trace_45	trace_46	trace_47	trace_48	trace_49
0.00000	2.04917	2.03787	2.0583462715148926	2.05826	2.05093	2.05503	2.06540	2.03554	2.05911	2.04955	2.05759	2.04845	2.05642	2.06399	2.04324	2.04134	2.03164	2.05631	2.03760	2.05367	2.04826	2.04357	2.03115	2.04396	2.05618	2.05606	2.05139	2.04827	2.05066	2.05321	2.04599	2.04088	2.05047	2.05262	2.03790	2.05068	2.05030	2.05387	2.04607	2.03882	2.04594	2.04032	2.05467	2.05601	2.05428	2.04860	2.06007	2.06253	2.04046	2.05588	2.04616	2.04856	2.03061
0.01010	2.05332	2.03533	2.0709269046783447	2.07299	2.04058	2.06340	2.07269	2.05056	2.07338	2.06383	2.04736	2.06335	2.07022	2.07746	2.05815	2.03055	2.04669	2.06326	2.05254	2.04261	2.03601	2.05747	2.04599	2.03277	2.07073	2.04443	2.03946	2.06283	2.04029	2.06773	2.06124	2.05480	2.03925	2.06674	2.02628	2.06616	2.06529	2.06814	2.03544	2.05356	2.03430	2.05575	2.03792	2.04493	2.06807	2.03886	2.07411	2.06931	2.05459	2.04561	2.06173	2.03766	2.01881
0.02020	2.07932	2.06170	2.095730781555176	2.09852	2.06947	2.08983	2.07666	2.07728	2.09830	2.08884	2.07592	2.08991	2.09467	2.10094	2.08487	2.06063	2.07453	2.08872	2.07902	2.09318	2.06211	2.08206	2.04968	2.06171	2.09572	2.07192	2.06574	2.08836	2.09250	2.09397	2.06604	2.08088	2.06708	2.09166	2.05450	2.09335	2.09122	2.09408	2.06483	2.07935	2.06373	2.06161	2.06857	2.07239	2.09228	2.06942	2.09862	2.07143	2.08089	2.09579	2.08920	2.06646	2.04738
0.03030	2.12087	2.10473	2.1372628211975098	2.11746	2.11202	2.13280	2.13805	2.12224	2.13910	2.10662	2.11789	2.13264	2.13612	2.14056	2.12827	2.10492	2.12006	2.13085	2.12304	2.11156	2.09870	2.10187	2.11721	2.10491	2.13658	2.11212	2.10537	2.13063	2.13465	2.13548	2.13132	2.10311	2.10777	2.13336	2.09645	2.13600	2.13890	2.13718	2.10775	2.12261	2.13127	2.10729	2.11297	2.11316	2.13301	2.11352	2.13895	2.11246	2.12499	2.11700	2.13281	2.10957	2.09047
0.04040	2.16972	2.15442	2.1840014457702637	2.18686	2.18295	2.18270	2.17042	2.15433	2.16872	2.17811	2.18744	2.16277	2.16639	2.16922	2.16118	2.17701	2.15356	2.15980	2.15443	2.18225	2.17209	2.15407	2.15088	2.17724	2.16287	2.18535	2.17648	2.16091	2.18169	2.16607	2.16508	2.15683	2.17918	2.16356	2.16972	2.18516	2.16443	2.16958	2.15900	2.15066	2.16431	2.16173	2.18387	2.18336	2.16193	2.18378	2.16366	2.18175	2.16015	2.18609	2.16089	2.18037	2.16525
0.05051	2.22700	2.21339	2.2399377822875977	2.22189	2.22187	2.23763	2.24382	2.23143	2.22480	2.21230	2.22527	2.21949	2.23849	2.24041	2.21976	2.23218	2.23270	2.23504	2.22986	2.21666	2.21197	2.22910	2.22786	2.21570	2.23755	2.21494	2.20755	2.21946	2.23293	2.24079	2.23858	2.23161	2.21456	2.23774	2.20211	2.22417	2.21890	2.24242	2.23403	2.22603	2.24306	2.22009	2.23878	2.21711	2.23594	2.23989	2.23693	2.23479	2.23787	2.22419	2.21351	2.21964	2.19648
0.06061	2.28484	2.27322	2.299734115600586	2.28054	2.28442	2.29379	2.30411	2.27769	2.28538	2.27496	2.28511	2.29363	2.29341	2.29484	2.29437	2.27308	2.29746	2.29327	2.28725	2.28026	2.27532	2.28490	2.28701	2.27755	2.29538	2.27323	2.26721	2.28209	2.28812	2.30005	2.29692	2.28916	2.27741	2.29677	2.28019	2.29645	2.27973	2.30197	2.27812	2.27557	2.30362	2.28123	2.28296	2.29000	2.27930	2.29970	2.27609	2.25081	2.30132	2.29619	2.26636	2.27949	2.23841
0.07071	2.34580	2.32756	2.3588738441467285	2.35063	2.35856	2.33826	2.35762	2.35111	2.35777	2.34894	2.35630	2.34083	2.33476	2.33684	2.34563	2.34147	2.35357	2.35360	2.33162	2.35422	2.33860	2.32084	2.33505	2.35117	2.35475	2.34581	2.34224	2.35585	2.32773	2.36117	2.35871	2.33438	2.35090	2.36034	2.31994	2.34351	2.35074	2.36522	2.35115	2.32044	2.35576	2.35326	2.35451	2.32601	2.35144	2.36379	2.34633	2.35091	2.36374	2.34206	2.33332	2.33770	2.31095
0.08081	2.40477	2.38227	2.4260177612304688	2.40578	2.42176	2.39475	2.42797	2.41052	2.41031	2.39875	2.41487	2.40369	2.38557	2.40239	2.41109	2.38741	2.42702	2.41388	2.39997	2.41549	2.40305	2.38048	2.39536	2.41241	2.41418	2.40154	2.40145	2.40953	2.38377	2.42303	2.41969	2.39192	2.40027	2.42491	2.37794	2.40355	2.39628	2.42975	2.41007	2.38245	2.42591	2.41293	2.41435	2.37019	2.40980	2.42911	2.40045	2.39996	2.43324	2.40210	2.37161	2.39558	2.38060
0.09091	2.46321	2.44068	2.4867148399353027	2.45109	2.48409	2.45872	2.48657	2.45994	2.48037	2.46130	2.46538	2.47428	2.45025	2.43761	2.48208	2.41994	2.48799	2.46530	2.44103	2.46806	2.45948	2.43281	2.45428	2.46621	2.47269	2.44682	2.45161	2.48070	2.45065	2.47681	2.47793	2.45692	2.46172	2.48800	2.44585	2.46337	2.46436	2.49146	2.45947	2.45187	2.48505	2.46549	2.46709	2.43180	2.45971	2.49164	2.44557	2.46188	2.49816	2.47130	2.43738	2.46200	2.45621
0.10101	2.52176	2.49860	2.540914535522461	2.51787	2.54469	2.50245	2.53783	2.52612	2.53424	2.52291	2.53247	2.52798	2.49530	2.46946	2.53692	2.49374	2.54072	2.53256	2.49755	2.53548	2.50663	2.50776	2.52080	2.53527	2.53144	2.51449	2.52202	2.53567	2.49872	2.53600	2.53453	2.50239	2.52295	2.54264	2.50149	2.53047	2.51495	2.55043	2.52676	2.50030	2.53632	2.53413	2.53514	2.48480	2.52776	2.54518	2.51543	2.52454	2.55445	2.52450	2.50076	2.51071	2.51036
0.11111	2.58044	2.56112	2.600027084350586	2.57083	2.59598	2.56805	2.60001	2.58446	2.59901	2.59094	2.58485	2.59465	2.54360	2.53010	2.60063	2.54954	2.60246	2.58444	2.53299	2.58740	2.56484	2.56479	2.57278	2.58834	2.58326	2.56804	2.57609	2.60019	2.57054	2.59971	2.58346	2.56917	2.59116	2.60429	2.56241	2.59011	2.58393	2.59974	2.57888	2.57086	2.59937	2.58744	2.58760	2.52660	2.58850	2.59964	2.56999	2.58635	2.60694	2.59257	2.57362	2.57900	2.58197
0.12121	2.63965	2.62399	2.65470814704895	2.64143	2.65471	2.62311	2.65383	2.63594	2.64791	2.64293	2.65108	2.64496	2.60167	2.59351	2.64777	2.62656	2.65471	2.64254	2.60626	2.65099	2.63608	2.63123	2.64222	2.65167	2.64912	2.63322	2.64441	2.64809	2.62698	2.65416	2.64714	2.62408	2.64423	2.65536	2.62806	2.64289	2.63844	2.65557	2.64602	2.62841	2.65433	2.65135	2.65121	2.60400	2.64261	2.65530	2.63314	2.64526	2.65631	2.64487	2.62839	2.63187	2.63645
0.13131	2.70018	2.69262	2.7065908908843994	2.70554	2.70360	2.69208	2.70686	2.69645	2.70005	2.70004	2.71033	2.69934	2.68434	2.68401	2.69635	2.69778	2.70424	2.69964	2.69268	2.70612	2.69632	2.70364	2.70570	2.70529	2.70812	2.69969	2.70460	2.69773	2.69340	2.70656	2.70603	2.69119	2.70248	2.70249	2.69879	2.70198	2.70079	2.69656	2.70656	2.69674	2.70881	2.70550	2.70617	2.68702	2.70289	2.70203	2.69610	2.70691	2.70444	2.70134	2.69283	2.69402	2.69701
0.14141	2.76246	2.75223	2.772705554962158	2.77297	2.75139	2.76900	2.76150	2.76198	2.75233	2.75764	2.76588	2.75378	2.76884	2.76927	2.74366	2.77268	2.75366	2.75823	2.77498	2.75506	2.76863	2.77051	2.77347	2.75804	2.76995	2.76965	2.75908	2.75261	2.76310	2.75924	2.77080	2.77046	2.76163	2.74868	2.77580	2.76343	2.77266	2.74313	2.77000	2.77057	2.76562	2.75887	2.76181	2.77636	2.76492	2.74827	2.76124	2.75490	2.75458	2.76403	2.76014	2.76011	2.75763
0.15152	2.82639	2.80136	2.8495190143585205	2.84332	2.79994	2.84926	2.81893	2.83157	2.81250	2.81538	2.83086	2.80834	2.85061	2.85852	2.79046	2.84940	2.80457	2.81781	2.85378	2.81073	2.84882	2.83844	2.84490	2.81108	2.83535	2.84072	2.82014	2.80196	2.83369	2.81342	2.84231	2.84587	2.82146	2.79584	2.85633	2.82677	2.84054	2.79048	2.83651	2.84721	2.82636	2.81263	2.81948	2.86690	2.82798	2.79569	2.82716	2.80918	2.80152	2.82075	2.82831	2.82848	2.81716
0.16162	2.89080	2.84889	2.9338929653167725	2.90574	2.84151	2.93940	2.87021	2.91304	2.86777	2.88179	2.89852	2.87163	2.93867	2.94521	2.84547	2.91652	2.84907	2.88669	2.91974	2.87504	2.91161	2.89720	2.91695	2.85615	2.89430	2.92025	2.88074	2.85208	2.91309	2.86060	2.90947	2.91205	2.89044	2.83631	2.93639	2.90021	2.90080	2.84730	2.89580	2.93362	2.88196	2.85833	2.87027	2.94646	2.90014	2.83652	2.90208	2.87230	2.86682	2.87719	2.90542	2.90724	2.88384
0.17172	2.95436	2.89863	3.0020930767059326	2.98411	2.89904	3.01125	2.93067	2.97903	2.91604	2.93222	2.96758	2.91951	3.00608	3.03778	2.88583	2.99856	2.91020	2.93960	2.99850	2.92365	2.98663	2.97083	2.97880	2.91660	2.97043	2.98119	2.94852	2.89487	2.98314	2.92391	2.99550	2.99314	2.94349	2.89287	3.00483	2.95788	2.97704	2.89060	2.97138	3.00179	2.95559	2.91908	2.93772	3.04049	2.95563	2.89343	2.96000	2.91996	2.92008	2.92474	2.96507	2.97002	2.93285
0.18182	3.01813	2.94979	3.074761390686035	3.05335	2.95033	3.08823	3.00030	3.06268	2.97179	2.98900	3.04503	2.97406	3.07748	3.11868	2.93309	3.05950	2.96541	3.00898	3.06590	2.98859	3.03884	3.02459	3.04556	2.96981	3.03857	3.04624	3.00710	2.94491	3.05244	2.98020	3.07396	3.06432	3.00281	2.94352	3.08785	3.03222	3.03378	2.94176	3.03828	3.07446	3.02255	2.97187	2.99805	3.12324	3.01666	2.94432	3.02389	2.97400	2.98229	2.97824	3.04082	3.03999	2.99683
0.19192	3.07781	3.00469	3.1468875408172607	3.10874	2.99184	3.16339	3.05956	3.12474	3.03756	3.05483	3.10087	3.03793	3.15660	3.18333	2.98997	3.13652	3.01084	3.05807	3.11859	3.03421	3.10572	3.09489	3.11083	3.01248	3.09360	3.11814	3.05266	3.00485	3.10795	3.02551	3.13884	3.12096	3.06190	2.98490	3.14606	3.08519	3.10692	3.00330	3.09167	3.15437	3.08646	3.02198	3.04702	3.18998	3.08579	2.98571	3.09667	3.03802	3.05513	3.04045	3.09460	3.12017	3.04023
0.20202	3.13608	3.05590	3.2113709449768066	3.17055	3.04162	3.23376	3.11770	3.19408	3.09314	3.10940	3.16260	3.09120	3.22170	3.25376	3.02886	3.19929	3.07368	3.11418	3.18761	3.08732	3.14838	3.14269	3.17168	3.06327	3.15481	3.17529	3.10464	3.05552	3.17012	3.07837	3.21053	3.18489	3.11771	3.03488	3.21895	3.14451	3.16655	3.05594	3.15115	3.20926	3.14806	3.07144	3.11284	3.27293	3.14204	3.03555	3.15709	3.09158	3.11731	3.09162	3.15486	3.17868	3.09037
0.21212	3.19158	3.10761	3.269238233566284	3.22823	3.10002	3.29962	3.17318	3.25995	3.13682	3.16147	3.21940	3.14252	3.28302	3.32977	3.08512	3.25730	3.12665	3.17728	3.24320	3.14810	3.19702	3.19576	3.22845	3.11284	3.21148	3.22715	3.15330	3.10531	3.22843	3.13893	3.27797	3.24609	3.18028	3.08412	3.26590	3.19966	3.22167	3.10787	3.20621	3.26827	3.20555	3.10964	3.15729	3.33092	3.19438	3.08460	3.21427	3.14403	3.17655	3.14066	3.21105	3.24408	3.13781
0.22222	3.24354	3.14796	3.332754611968994	3.28155	3.14787	3.36106	3.22491	3.32219	3.18710	3.21017	3.28102	3.19107	3.34009	3.38045	3.13140	3.30968	3.16724	3.22702	3.29414	3.19670	3.24122	3.25491	3.28118	3.17119	3.27335	3.26303	3.20888	3.14340	3.28259	3.18747	3.34093	3.30480	3.22946	3.14244	3.31675	3.25033	3.26116	3.14797	3.25652	3.33194	3.25774	3.16528	3.20808	3.39476	3.23191	3.14281	3.26722	3.18467	3.22113	3.17694	3.27326	3.31702	3.19285
0.23232	3.29052	3.19932	3.381157398223877	3.33037	3.19336	3.42673	3.27172	3.38087	3.24367	3.25468	3.31699	3.23604	3.38373	3.43744	3.17599	3.34701	3.22464	3.27199	3.33056	3.24149	3.28167	3.28944	3.33012	3.20788	3.30993	3.31307	3.24117	3.19935	3.33269	3.23233	3.40724	3.37001	3.26474	3.17942	3.36192	3.29646	3.31483	3.20573	3.30214	3.37035	3.29491	3.19905	3.26484	3.45474	3.28447	3.18918	3.30574	3.24275	3.28043	3.23015	3.31035	3.36641	3.22535
0.24242	3.33383	3.24247	3.440304756164551	3.38136	3.23663	3.47598	3.30596	3.44102	3.28625	3.29517	3.36235	3.27759	3.44023	3.49291	3.21926	3.38914	3.26843	3.31258	3.37192	3.28267	3.31758	3.32926	3.37376	3.26058	3.35114	3.34040	3.27978	3.24268	3.37730	3.27356	3.45575	3.41478	3.30583	3.22446	3.40661	3.33738	3.34522	3.25054	3.34240	3.41668	3.33683	3.24063	3.30699	3.51028	3.31431	3.23349	3.34973	3.28696	3.31649	3.27025	3.35224	3.42309	3.26497
0.25253	3.37052	3.28569	3.4732120037078857	3.41188	3.27704	3.50616	3.34566	3.47761	3.32372	3.32545	3.39262	3.30849	3.47272	3.52176	3.25996	3.42235	3.30216	3.34103	3.40853	3.31918	3.35618	3.36997	3.41358	3.29518	3.38804	3.37626	3.31549	3.28310	3.41676	3.30515	3.48966	3.46064	3.34954	3.26688	3.42871	3.37698	3.38277	3.29137	3.38073	3.44411	3.37595	3.28598	3.33870	3.54114	3.35572	3.27536	3.39136	3.32065	3.36243	3.30790	3.39174	3.46859	3.30293
0.26263	3.39076	3.31795	3.4917449951171875	3.42339	3.31162	3.52441	3.36727	3.49625	3.34579	3.35045	3.40326	3.33802	3.48933	3.54000	3.30139	3.43218	3.33398	3.36364	3.41790	3.34222	3.36717	3.38091	3.42652	3.32901	3.39953	3.38559	3.34082	3.31627	3.42873	3.33464	3.50593	3.48040	3.36409	3.31044	3.43683	3.38859	3.39329	3.32350	3.39192	3.45534	3.38834	3.31814	3.36199	3.56120	3.36794	3.31138	3.40355	3.34968	3.37763	3.33199	3.40239	3.49124	3.33209
0.27273	3.39814	3.32797	3.506094455718994	3.42730	3.32294	3.53452	3.37449	3.50607	3.35422	3.35793	3.40703	3.34658	3.49799	3.55030	3.31416	3.43461	3.34414	3.36990	3.41975	3.35039	3.37117	3.38511	3.43203	3.33964	3.40418	3.38874	3.34701	3.32729	3.43305	3.34313	3.51271	3.49231	3.37064	3.32232	3.43812	3.39341	3.39717	3.33455	3.39641	3.45912	3.39384	3.32804	3.36933	3.57297	3.37327	3.32326	3.40835	3.35898	3.38573	3.34059	3.40586	3.50634	3.34001
0.28283	3.40271	3.33572	3.51214861869812	3.42797	3.33185	3.54138	3.37889	3.51187	3.35994	3.36285	3.40800	3.35256	3.50348	3.55760	3.32457	3.43402	3.35148	3.37349	3.41853	3.35603	3.37317	3.38678	3.43440	3.34754	3.40607	3.38968	3.35103	3.33570	3.43411	3.34902	3.51467	3.50121	3.37456	3.33151	3.43679	3.39551	3.39848	3.34282	3.39828	3.45977	3.39652	3.33572	3.37390	3.58152	3.37612	3.33247	3.41008	3.36517	3.39085	3.34682	3.40647	3.51845	3.34579
0.29293	3.40463	3.34156	3.5120909214019775	3.42571	3.33847	3.54511	3.38067	3.51365	3.36311	3.36538	3.40645	3.35612	3.50589	3.56205	3.33265	3.43073	3.35617	3.37461	3.41460	3.35926	3.37328	3.38614	3.43377	3.35281	3.40545	3.38858	3.35305	3.34159	3.43221	3.35247	3.51192	3.50713	3.37602	3.33810	3.43318	3.39515	3.39744	3.34842	3.39774	3.45747	3.39663	3.34127	3.37589	3.58690	3.37666	3.33909	3.40901	3.36846	3.39322	3.35078	3.40453	3.52697	3.34953
0.30303	3.40404	3.34502	3.510223627090454	3.42080	3.34285	3.54578	3.38004	3.51146	3.36389	3.36567	3.40267	3.35738	3.50532	3.56373	3.33846	3.42504	3.35835	3.37346	3.40835	3.36022	3.37157	3.38340	3.43031	3.35555	3.40258	3.38567	3.35321	3.34505	3.42764	3.35360	3.50472	3.51009	3.37521	3.34218	3.42759	3.39254	3.39430	3.35150	3.39504	3.45240	3.39441	3.34478	3.37549	3.58911	3.37507	3.34320	3.40542	3.36906	3.39308	3.35256	3.40033	3.53063	3.35129
0.31313	3.40107	3.34631	3.5058722496032715	3.41357	3.34506	3.54349	3.37720	3.50540	3.36244	3.36384	3.39687	3.35648	3.50192	3.56272	3.34202	3.41727	3.35820	3.37021	3.40015	3.35905	3.36809	3.37876	3.42419	3.35587	3.39766	3.38123	3.35164	3.34618	3.42071	3.35257	3.49354	3.51010	3.37229	3.34385	3.42027	3.38790	3.38925	3.35217	3.39035	3.44472	3.39008	3.34633	3.37289	3.58814	3.37149	3.34490	3.39960	3.36720	3.39065	3.35226	3.39414	3.52733	3.35117
0.32323	3.39583	3.34587	3.4969992637634277	3.40432	3.34510	3.53829	3.37233	3.49568	3.35890	3.36003	3.38928	3.35354	3.49587	3.55902	3.34335	3.40767	3.35586	3.36505	3.39034	3.35586	3.36294	3.37237	3.41562	3.35389	3.39090	3.37569	3.34848	3.34507	3.41172	3.34949	3.47903	3.50719	3.36743	3.34320	3.41141	3.38141	3.38245	3.35056	3.38385	3.43465	3.38384	3.34596	3.36825	3.58399	3.36604	3.34427	3.39182	3.36311	3.38612	3.34997	3.38618	3.51470	3.34921
0.33333	3.38844	3.34360	3.4878201484680176	3.39330	3.34296	3.53026	3.36559	3.48260	3.35340	3.35435	3.38005	3.34865	3.48738	3.55255	3.34248	3.39647	3.35148	3.35810	3.37918	3.35075	3.35627	3.36437	3.40483	3.34974	3.38245	3.36942	3.34385	3.34180	3.40091	3.34448	3.46189	3.50136	3.36076	3.34032	3.40119	3.37322	3.37403	3.34677	3.37566	3.42238	3.37584	3.34367	3.36174	3.57664	3.35884	3.34140	3.38228	3.35698	3.37968	3.34574	3.37664	3.49176	3.34548
0.34343	3.37907	3.33854	3.4675300121307373	3.38075	3.33862	3.51944	3.35711	3.46651	3.34603	3.34686	3.36931	3.34191	3.47671	3.54312	3.33939	3.38384	3.34520	3.34948	3.36687	3.34379	3.34832	3.35486	3.39202	3.34350	3.37243	3.36257	3.33784	3.33646	3.38852	3.33763	3.44282	3.49262	3.35240	3.33530	3.38971	3.36343	3.36408	3.34089	3.36590	3.40810	3.36619	3.33943	3.35345	3.56617	3.34997	3.33636	3.37118	3.34897	3.37146	3.33963	3.36565	3.46064	3.33998
0.35354	3.36790	3.33156	3.449453830718994	3.36683	3.33206	3.50587	3.34700	3.44783	3.33685	3.33763	3.35714	3.33336	3.46409	3.53042	3.33405	3.36989	3.33713	3.33929	3.35350	3.33504	3.33927	3.34389	3.37743	3.33528	3.36092	3.35492	3.33057	3.32909	3.37469	3.32901	3.42242	3.48098	3.34244	3.32817	3.37705	3.35212	3.35267	3.33299	3.35461	3.39203	3.35499	3.33317	3.34347	3.55274	3.33949	3.32919	3.35862	3.33919	3.36158	3.33167	3.35332	3.42605	3.33274
0.36364	3.35508	3.32215	3.429269552230835	3.35167	3.32329	3.48963	3.33534	3.42698	3.32595	3.32671	3.34360	3.32306	3.44984	3.51409	3.32646	3.35472	3.32738	3.32760	3.33914	3.32454	3.32908	3.33152	3.36125	3.32514	3.34798	3.34612	3.32218	3.31976	3.35955	3.31869	3.40114	3.46649	3.33095	3.31902	3.36327	3.33936	3.33984	3.32313	3.34187	3.37438	3.34228	3.32480	3.33186	3.53663	3.32747	3.31997	3.34470	3.32773	3.35012	3.32190	3.33971	3.39231	3.32373
0.37374	3.34074	3.31101	3.407383918762207	3.33538	3.31235	3.47083	3.32223	3.40440	3.31338	3.31415	3.32874	3.31108	3.43428	3.49378	3.31660	3.33840	3.31609	3.31449	3.32380	3.31234	3.31741	3.31780	3.34371	3.31319	3.33366	3.33591	3.31289	3.30853	3.34321	3.30674	3.37927	3.44925	3.31803	3.30792	3.34842	3.32518	3.32562	3.31139	3.32771	3.35538	3.32815	3.31427	3.31868	3.51826	3.31397	3.30877	3.32948	3.31465	3.33719	3.31038	3.32490	3.36155	3.31298
0.38384	3.32494	3.29743	3.384166955947876	3.31804	3.29934	3.44963	3.30776	3.38044	3.29920	3.30000	3.31260	3.29747	3.41774	3.46928	3.30452	3.32099	3.30340	3.30004	3.30749	3.29849	3.30396	3.30276	3.32495	3.29951	3.31803	3.32420	3.30300	3.29549	3.32574	3.29323	3.35699	3.42941	3.30374	3.29494	3.33258	3.30964	3.31006	3.29785	3.31217	3.33526	3.31262	3.30157	3.30397	3.49806	3.29907	3.29567	3.31300	3.30002	3.32283	3.29716	3.30893	3.33392	3.30050
0.39394	3.30776	3.28227	3.359907388687134	3.29969	3.28434	3.42621	3.29199	3.35539	3.28349	3.28431	3.29521	3.28227	3.40057	3.44075	3.29026	3.30252	3.28942	3.28428	3.29016	3.28303	3.28859	3.28642	3.30510	3.28418	3.30110	3.31103	3.29278	3.28071	3.30719	3.27820	3.33434	3.40714	3.28814	3.28019	3.31579	3.29275	3.29317	3.28258	3.29530	3.31420	3.29575	3.28673	3.28777	3.47628	3.28284	3.28076	3.29529	3.28388	3.30712	3.28226	3.29183	3.30864	3.28629
0.40404	3.28922	3.26554	3.334784507751465	3.28037	3.26749	3.40080	3.27497	3.32946	3.26630	3.26712	3.27658	3.26556	3.38314	3.40882	3.27393	3.28302	3.27430	3.26727	3.27179	3.26600	3.27134	3.26883	3.28425	3.26730	3.28291	3.29654	3.28028	3.26427	3.28757	3.26171	3.31132	3.38268	3.27129	3.26374	3.29813	3.27454	3.27497	3.26566	3.27712	3.29237	3.27756	3.26985	3.27010	3.45285	3.26536	3.26413	3.27634	3.26627	3.29009	3.26573	3.27362	3.28477	3.27038
0.41414	3.26925	3.24718	3.308175802230835	3.26010	3.24898	3.37365	3.25680	3.30283	3.24771	3.24852	3.25676	3.24741	3.36586	3.37456	3.25568	3.26254	3.25823	3.24906	3.25238	3.24748	3.25238	3.25002	3.26246	3.24898	3.26352	3.28099	3.25864	3.24629	3.26691	3.24383	3.28789	3.35631	3.25326	3.24574	3.27973	3.25507	3.25552	3.24723	3.25768	3.26986	3.25812	3.25115	3.25104	3.42715	3.24673	3.24593	3.25622	3.24732	3.27180	3.24763	3.25435	3.26155	3.25289
0.42424	3.24790	3.22699	3.2807254791259766	3.23879	3.22885	3.34486	3.23740	3.27546	3.22769	3.22844	3.23568	3.22777	3.34891	3.33904	3.23552	3.24099	3.24130	3.22958	3.23179	3.22742	3.23175	3.22990	3.23964	3.22918	3.24286	3.26455	3.23197	3.22673	3.24512	3.22449	3.26389	3.32815	3.23397	3.22613	3.26059	3.23424	3.23474	3.22726	3.23693	3.24654	3.23736	3.23068	3.23052	3.39763	3.22691	3.22611	3.23483	3.22700	3.25219	3.22786	3.23390	3.23828	3.23373
0.43434	3.22524	3.20573	3.252607583999634	3.21633	3.20718	3.31455	3.21674	3.24731	3.20619	3.20688	3.21328	3.20660	3.33218	3.30323	3.21351	3.21830	3.22370	3.20875	3.20992	3.20580	3.20955	3.20842	3.21573	3.20791	3.22088	3.24752	3.20609	3.20558	3.22212	3.20363	3.23917	3.29836	3.21339	3.20493	3.24084	3.21200	3.21257	3.20574	3.21481	3.22226	3.21524	3.20857	3.20852	3.36241	3.20590	3.20470	3.21213	3.20536	3.23120	3.20639	3.21217	3.21446	3.21292
0.44444	3.20125	3.18262	3.2340714931488037	3.19264	3.18407	3.28284	3.19478	3.21837	3.18322	3.18382	3.18953	3.18391	3.31452	3.26776	3.18977	3.19442	3.20584	3.18653	3.18669	3.18263	3.18586	3.18552	3.19066	3.18518	3.19755	3.23040	3.18115	3.18286	3.19782	3.18122	3.21362	3.26709	3.19147	3.18215	3.22067	3.18831	3.18899	3.18271	3.19129	3.19686	3.19173	3.18495	3.18503	3.32051	3.18367	3.18171	3.18810	3.18247	3.20881	3.18325	3.18909	3.18978	3.19050
0.45455	3.17589	3.15816	3.215876340866089	3.16762	3.15956	3.24981	3.17146	3.18855	3.15876	3.15926	3.16437	3.15967	3.29167	3.23287	3.16440	3.16927	3.18852	3.16284	3.16204	3.15793	3.16077	3.16116	3.16440	3.16100	3.17285	3.21399	3.15667	3.15857	3.17216	3.15723	3.18713	3.23449	3.16814	3.15780	3.20049	3.16314	3.16397	3.15818	3.16634	3.17022	3.16682	3.15996	3.16008	3.27319	3.16015	3.15714	3.16272	3.15835	3.18500	3.15850	3.16454	3.16406	3.16655
0.46465	3.14911	3.13219	3.1986160278320312	3.14117	3.13370	3.21550	3.14673	3.15779	3.13280	3.13319	3.13778	3.13386	3.25473	3.19849	3.13751	3.14276	3.17358	3.13759	3.13589	3.13172	3.13430	3.13531	3.13692	3.13535	3.14673	3.19976	3.13287	3.13273	3.14506	3.13163	3.15961	3.20065	3.14337	3.13188	3.18102	3.13644	3.13747	3.13215	3.13992	3.14225	3.14047	3.13366	3.13368	3.22369	3.13524	3.13101	3.13599	3.13298	3.15976	3.13220	3.13844	3.13718	3.14115
0.47475	3.12109	3.10452	3.1653919219970703	3.11313	3.10638	3.17984	3.12048	3.12594	3.10525	3.10555	3.10966	3.10641	3.19972	3.16436	3.10910	3.11472	3.16537	3.11066	3.10811	3.10394	3.10640	3.10787	3.10821	3.10816	3.11911	3.19032	3.11456	3.10528	3.11640	3.10433	3.13090	3.16558	3.11703	3.10434	3.16359	3.10813	3.10939	3.10454	3.11193	3.11286	3.11260	3.10602	3.10577	3.17499	3.10874	3.10322	3.10782	3.10617	3.13306	3.10434	3.11066	3.10905	3.11429
0.48485	3.09210	3.07506	3.1307759284973145	3.08317	3.07727	3.14240	3.09233	3.09262	3.07581	3.07605	3.07968	3.07700	3.13912	3.12985	3.07895	3.08476	3.16806	3.08167	3.07833	3.07435	3.07680	3.07855	3.07811	3.07917	3.08966	3.18704	3.10958	3.07594	3.08582	3.07506	3.10063	3.12897	3.08881	3.07491	3.14977	3.07789	3.07945	3.07506	3.08205	3.08178	3.08289	3.07675	3.07611	3.12815	3.08025	3.07349	3.07795	3.07756	3.10465	3.07470	3.08086	3.07934	3.08574
0.49495	3.05953	3.04476	3.0922226905822754	3.05221	3.04732	3.10418	3.06323	3.05869	3.04542	3.04563	3.04878	3.04663	3.08540	3.09559	3.04819	3.05373	3.12733	3.05147	3.04749	3.04392	3.04645	3.04842	3.04799	3.04931	3.05926	3.13099	3.04841	3.04571	3.05421	3.04477	3.06962	3.09185	3.05964	3.04458	3.13576	3.04665	3.04855	3.04467	3.05119	3.05007	3.05235	3.04685	3.04570	3.08414	3.05056	3.04275	3.04732	3.04804	3.07562	3.04429	3.05000	3.04896	3.05673
0.50505	3.02506	3.01339	3.0470151901245117	3.02020	3.01634	3.06526	3.03323	3.02409	3.01398	3.01419	3.01687	3.01515	3.03913	3.06145	3.01668	3.02153	3.05635	3.01998	3.01543	3.01254	3.01526	3.01739	3.01879	3.01851	3.02788	3.04444	3.01820	3.01448	3.02151	3.01340	3.03795	3.05427	3.02958	3.01326	3.08536	3.01425	3.01660	3.01320	3.01926	3.01766	3.02085	3.01615	3.01444	3.04245	3.01957	3.01081	3.01585	3.01755	3.04621	3.01297	3.01804	3.01761	3.02707
0.51515	2.99034	2.98008	3.005821943283081	2.98627	2.98343	3.02461	3.00164	2.98783	2.98064	2.98089	2.98310	2.98165	2.99674	3.02612	2.98356	2.98724	3.00377	2.98633	2.98119	2.97937	2.98235	2.98466	2.99667	2.98600	2.99463	2.99458	3.00151	2.98139	2.98687	2.98014	3.00478	3.01524	2.99790	2.98009	3.01933	2.97975	2.98276	2.97973	2.98544	2.98373	2.98754	2.98379	2.98152	3.00137	2.98645	2.97672	2.98268	2.98533	3.01579	2.97991	2.98417	2.98419	2.99578
0.52525	2.95443	2.94524	2.9705536365509033	2.95072	2.94892	2.98248	2.96906	2.94997	2.94567	2.94598	2.94775	2.94635	2.95627	2.98932	2.94919	2.95105	2.95915	2.95072	2.94499	2.94464	2.94787	2.95063	2.97201	2.95217	2.95973	2.95304	2.96109	2.94672	2.95054	2.94527	2.97039	2.97504	2.96513	2.94537	2.96714	2.94322	2.94726	2.94446	2.94999	2.94863	2.95269	2.95005	2.94726	2.96053	2.95147	2.94058	2.94807	2.95188	2.98506	2.94536	2.94869	2.94892	2.96324
0.53535	2.91684	2.90886	2.9339122772216797	2.91365	2.91296	2.93900	2.93635	2.91030	2.90915	2.90955	2.91090	2.90923	2.91646	2.95012	2.91373	2.91301	2.91687	2.91316	2.90679	2.90832	2.91164	2.91553	2.91430	2.91752	2.92317	2.91316	2.92021	2.91055	2.91262	2.90892	2.93488	2.93380	2.93190	2.90917	2.92197	2.90435	2.91018	2.90731	2.91302	2.91252	2.91643	2.91506	2.91181	2.91951	2.91478	2.90218	2.91203	2.91774	2.95319	2.90939	2.91173	2.91200	2.92970
0.54545	2.87789	2.86973	2.8952760696411133	2.87486	2.87545	2.89389	2.90408	2.86802	2.87088	2.87139	2.87230	2.86992	2.87629	2.90583	2.87711	2.87278	2.87440	2.87333	2.86623	2.87007	2.87333	2.87935	2.87165	2.88315	2.88435	2.87260	2.88158	2.87269	2.87286	2.87090	2.89699	2.89130	2.89866	2.87130	2.87883	2.86230	2.87124	2.86786	2.87436	2.87529	2.87858	2.87873	2.87508	2.87758	2.87620	2.86087	2.87418	2.88382	2.90879	2.87180	2.87313	2.87339	2.89509
0.55556	2.83657	2.82774	2.852292060852051	2.83415	2.83635	2.84707	2.86208	2.82196	2.83071	2.83131	2.83175	2.82798	2.83516	2.85444	2.83939	2.82997	2.83044	2.83092	2.82280	2.82940	2.83434	2.84225	2.82826	2.85150	2.84193	2.83016	2.84205	2.83299	2.83111	2.83108	2.84874	2.84743	2.86191	2.83156	2.83554	2.81579	2.83019	2.82559	2.83391	2.83696	2.83911	2.84107	2.83708	2.83413	2.83565	2.81571	2.83408	2.85226	2.85260	2.83243	2.83275	2.83304	2.85956
0.56566	2.79210	2.78177	2.8031256198883057	2.79177	2.79610	2.79939	2.80402	2.77052	2.78889	2.78961	2.78938	2.78308	2.79303	2.80151	2.80128	2.78439	2.78436	2.78598	2.77602	2.78595	2.81003	2.80507	2.78197	2.79189	2.79278	2.78522	2.80133	2.79171	2.78768	2.78975	2.79156	2.80303	2.80622	2.79020	2.79148	2.76305	2.78714	2.77998	2.79214	2.79819	2.79868	2.80269	2.79843	2.78889	2.79371	2.76542	2.79170	2.80103	2.80063	2.79158	2.79096	2.79130	2.82433
0.57576	2.74354	2.72866	2.757685422897339	2.74562	2.75298	2.74952	2.75253	2.70889	2.74359	2.74448	2.74301	2.73212	2.74765	2.75056	2.76154	2.73314	2.73313	2.73635	2.72262	2.73653	2.74352	2.76672	2.72878	2.74018	2.72988	2.73463	2.75724	2.74683	2.74085	2.74510	2.73741	2.75677	2.75359	2.74526	2.74403	2.69860	2.73984	2.72763	2.74755	2.75768	2.75600	2.76200	2.75778	2.73896	2.74928	2.70547	2.74494	2.74845	2.74934	2.74738	2.74607	2.74637	2.78847
0.58586	2.68935	2.66461	2.713940382003784	2.69347	2.70537	2.69560	2.69841	2.63403	2.69299	2.69409	2.69006	2.67150	2.69643	2.69902	2.71914	2.67269	2.67334	2.67967	2.65906	2.67722	2.68583	2.72638	2.66412	2.68166	2.66991	2.67473	2.70757	2.69646	2.68889	2.69526	2.67622	2.70702	2.69943	2.69481	2.69058	2.61648	2.68568	2.66467	2.69863	2.71413	2.70987	2.71737	2.71392	2.68041	2.70145	2.63087	2.69205	2.69603	2.69320	2.69799	2.69642	2.69652	2.75096
0.59596	2.62612	2.58520	2.665627956390381	2.63244	2.65129	2.63633	2.63650	2.55084	2.63494	2.63627	2.62699	2.59613	2.63683	2.64387	2.67299	2.59785	2.60044	2.61304	2.58059	2.60222	2.62490	2.68355	2.58176	2.60600	2.61690	2.60055	2.64951	2.63810	2.63005	2.63781	2.59758	2.65282	2.63827	2.63639	2.62813	2.50991	2.62105	2.58559	2.64396	2.66605	2.65921	2.66634	2.66558	2.60757	2.64545	2.53540	2.63147	2.63689	2.62678	2.64098	2.64022	2.63993	2.71169
0.60606	2.54923	2.48689	2.6040613651275635	2.55780	2.58732	2.56926	2.56078	2.48843	2.56590	2.56743	2.54777	2.49841	2.56582	2.58153	2.62063	2.50023	2.50761	2.53129	2.48080	2.50305	2.55678	2.63702	2.47340	2.50015	2.55674	2.50468	2.57834	2.56756	2.56165	2.56842	2.48735	2.59229	2.56426	2.56598	2.55193	2.37292	2.53978	2.48273	2.58129	2.61020	2.59441	2.60338	2.61020	2.51104	2.58443	2.41254	2.56146	2.56441	2.54132	2.57232	2.57453	2.57385	2.67008
0.61616	2.45248	2.34986	2.5237619876861572	2.46216	2.50808	2.48989	2.46277	2.52193	2.48046	2.48184	2.44290	2.36845	2.47925	2.50728	2.55716	2.36748	2.38518	2.42434	2.35180	2.36929	2.47692	2.58454	2.32988	2.35020	2.48545	2.37705	2.48680	2.47821	2.47976	2.47969	2.32974	2.52054	2.46889	2.47737	2.45492	2.20031	2.43207	2.34684	2.50737	2.54021	2.47297	2.51685	2.54309	2.37700	2.51873	2.25639	2.48085	2.46777	2.42288	2.48568	2.49478	2.49468	2.62507
0.62626	2.32184	2.16659	2.4464271068573	2.33529	2.40594	2.38864	2.33160	2.50578	2.37076	2.37038	2.29924	2.19569	2.36973	2.41405	2.47329	2.18491	2.22124	2.27239	2.18505	2.19139	2.37975	2.52200	2.14376	2.14389	2.39913	2.20646	2.36501	2.36060	2.37897	2.35987	2.11263	2.42221	2.34005	2.36161	2.32767	1.98453	2.28401	2.16911	2.41788	2.44535	2.21773	2.38549	2.45615	2.18977	2.42850	2.06156	2.39129	2.32955	2.25329	2.37226	2.39354	2.39846	2.57439
0.63636	2.14541	1.90669	2.3170177936553955	2.16568	2.27201	2.24139	2.15678	2.41175	2.22654	2.21858	2.10247	1.97167	2.22193	2.29259	2.35377	1.94029	2.00322	2.04298	1.97201	1.96364	2.26064	2.44291	1.91062	1.87134	2.29260	1.98375	2.20220	2.20376	2.25185	2.19305	1.83025	2.23118	2.16369	2.20707	2.15995	1.71236	2.07993	1.94339	2.30794	2.31266	1.84096	2.18160	2.33712	1.93741	2.31478	1.82101	2.29848	2.12683	2.01790	2.22204	2.25756	2.28222	2.51428
0.64646	1.91148	1.60379	2.175149917602539	1.94503	2.09854	1.98602	1.93315	2.24138	2.03621	2.00355	1.84252	1.69081	2.00482	2.13479	2.17885	1.62542	1.72007	1.70577	1.70533	1.68423	2.11892	2.33823	1.62686	1.52286	2.16026	1.70369	1.99143	1.99892	2.08722	1.96436	1.48360	1.84383	1.92936	2.00090	1.94444	1.37779	1.80795	1.66605	2.17377	2.13822	1.37707	1.88873	2.17105	1.61249	2.17474	1.52542	2.18654	1.83738	1.71483	2.02736	2.06080	2.14420	2.43809
0.65657	1.58722	1.18450	1.9760255813598633	1.64751	1.86209	1.51511	1.63823	1.52835	1.76750	1.66642	1.49051	1.31909	1.64842	1.92879	1.91129	1.20340	1.34134	1.22438	1.35750	1.32655	1.94282	2.18677	1.25679	1.09516	1.98938	1.33164	1.71189	1.71960	1.84711	1.64544	1.08028	1.30059	1.61023	1.70941	1.65566	1.00860	1.43871	1.30296	2.00659	1.93846	0.94084	1.48576	1.92691	1.18815	1.97454	1.15171	2.00541	1.42172	1.32376	1.76476	1.73718	1.95826	2.32768
0.66667	1.20677	0.76653	1.7251946926116943	1.26991	1.55001	0.94196	1.26755	1.02241	1.39848	1.16391	1.04765	0.88013	1.13005	1.71708	1.53842	0.76938	0.91786	0.73903	0.96123	0.91345	1.72100	1.97819	0.82955	0.74088	1.76297	0.87478	1.37239	1.35757	1.46804	1.23487	0.74079	0.77599	1.19849	1.31505	1.28892	0.72342	0.99522	0.86267	1.81538	1.81310	0.68570	0.95398	1.59240	0.77557	1.57559	0.78784	1.67018	0.93664	0.87831	1.42932	1.24229	1.59927	2.11352
0.67677	0.71714	0.47627	1.1115854978561401	0.78148	1.05303	0.52657	0.74489	0.55605	0.84195	0.59182	0.55599	0.49591	0.55587	1.18421	0.95576	0.47216	0.53328	0.46386	0.56011	0.51404	1.21460	1.57860	0.47818	0.47640	1.37283	0.48099	1.02524	0.79766	0.83910	0.68676	0.47510	0.47203	0.64043	0.75628	0.77407	0.47889	0.55109	0.47760	0.90372	0.51750	0.47190	0.48826	1.10352	0.47858	0.79153	0.48766	0.99126	0.52754	0.49133	0.93375	0.64426	0.80699	1.25611
0.68687	0.23531	0.19563	0.3003905713558197	0.21483	0.23582	0.26477	0.20129	0.19570	0.46360	0.23140	0.19760	0.20131	0.20024	0.20030	0.21056	0.20556	0.22621	0.20898	0.30194	0.19655	0.30022	0.19954	0.20309	0.20527	0.40514	0.20355	0.19983	0.19338	0.29323	0.22304	0.20628	0.20674	0.19502	0.28951	0.22615	0.20271	0.24158	0.20262	0.25075	0.20487	0.20784	0.20645	0.29528	0.20507	0.18821	0.19939	0.18932	0.19357	0.20174	0.42051	0.24323	0.34722	0.25873
0.69697	0.19902	0.16814	0.284166157245636	0.16338	0.16801	0.19199	0.19946	0.16181	0.30401	0.28871	0.17224	0.17453	0.17495	0.17450	0.26876	0.17735	0.28750	0.18010	0.28726	0.16524	0.19677	0.17628	0.17634	0.17736	0.18906	0.17741	0.17736	0.17007	0.28382	0.20330	0.17803	0.17823	0.17063	0.29596	0.17455	0.17477	0.24635	0.17694	0.20312	0.17824	0.17813	0.17956	0.26156	0.17695	0.16968	0.16226	0.19429	0.24314	0.17561	0.17746	0.24227	0.17751	0.16816
0.70707	0.17602	0.14684	0.24115388095378876	0.19347	0.15266	0.26490	0.15052	0.14441	0.30192	0.17243	0.18889	0.19707	0.15202	0.15201	0.15965	0.15007	0.28276	0.15493	0.17239	0.14332	0.16377	0.15287	0.15179	0.15359	0.24107	0.15362	0.15404	0.15298	0.15132	0.14328	0.15370	0.15386	0.19540	0.24187	0.15211	0.14733	0.21658	0.15335	0.26437	0.15390	0.15295	0.20031	0.22632	0.14492	0.14903	0.14706	0.17433	0.21686	0.15241	0.12827	0.22086	0.15404	0.14938
0.71717	0.15702	0.12679	0.20556628704071045	0.13002	0.13818	0.13564	0.13218	0.18357	0.29764	0.24758	0.13025	0.12963	0.12689	0.12949	0.25294	0.12959	0.14703	0.12063	0.24738	0.18231	0.13472	0.12401	0.12947	0.13168	0.20034	0.13525	0.13686	0.13305	0.19694	0.12878	0.12251	0.13211	0.18628	0.20448	0.12683	0.18271	0.19721	0.13594	0.13563	0.12420	0.12960	0.13325	0.13125	0.12934	0.13173	0.18785	0.21538	0.13207	0.12942	0.14680	0.19858	0.19940	0.12638
0.72727	0.14818	0.11375	0.1784108579158783	0.16751	0.10956	0.11664	0.19002	0.17140	0.12626	0.12153	0.16883	0.16935	0.16184	0.16362	0.27912	0.16365	0.13198	0.11726	0.12353	0.11402	0.11823	0.11385	0.16584	0.11686	0.17742	0.11136	0.12276	0.15700	0.17729	0.16713	0.11286	0.11813	0.16486	0.18464	0.11714	0.16959	0.11574	0.11149	0.11675	0.16277	0.16408	0.17340	0.11571	0.16474	0.17617	0.11613	0.18409	0.11580	0.17054	0.11073	0.17822	0.18015	0.16160
0.73737	0.12944	0.10054	0.16891154646873474	0.15541	0.11042	0.16731	0.13386	0.10132	0.10663	0.18800	0.15651	0.10156	0.10054	0.10093	0.18600	0.15259	0.25747	0.10115	0.19536	0.15469	0.17371	0.14889	0.15528	0.09999	0.10145	0.10462	0.09563	0.10121	0.16238	0.10157	0.10027	0.10156	0.10108	0.10400	0.10047	0.10130	0.10092	0.10393	0.16838	0.10089	0.10153	0.16003	0.15963	0.10155	0.16167	0.10147	0.16753	0.10085	0.10100	0.15392	0.16264	0.10232	0.10047
0.74747	0.12087	0.09140	0.15805497765541077	0.09195	0.09250	0.09182	0.09153	0.09180	0.19647	0.09512	0.09206	0.09184	0.09124	0.14499	0.09189	0.09153	0.17109	0.09168	0.17785	0.09117	0.17214	0.14319	0.09188	0.09098	0.15108	0.09154	0.09142	0.09158	0.15251	0.14720	0.14399	0.14505	0.14623	0.15723	0.09087	0.14855	0.15162	0.09096	0.09191	0.14754	0.14640	0.09332	0.09154	0.14705	0.09209	0.15117	0.10164	0.16548	0.14406	0.09458	0.15268	0.09243	0.14696
0.75758	0.11496	0.08261	0.13355441391468048	0.13037	0.08491	0.08366	0.13257	0.13388	0.20883	0.09050	0.13156	0.13248	0.12914	0.12940	0.08412	0.12998	0.08492	0.12991	0.09163	0.08255	0.13369	0.12890	0.13186	0.08251	0.13245	0.08252	0.08246	0.13050	0.13300	0.13014	0.12928	0.12916	0.08261	0.08490	0.12903	0.13121	0.08324	0.08251	0.08394	0.08289	0.08273	0.13325	0.13137	0.13018	0.13317	0.13292	0.08492	0.13486	0.12896	0.12805	0.13354	0.13428	0.08263
0.76768	0.10510	0.07829	0.13162441551685333	0.07893	0.12230	0.13145	0.07943	0.14114	0.09484	0.14280	0.07960	0.08073	0.07829	0.12964	0.13153	0.07863	0.08251	0.12970	0.09332	0.12956	0.13813	0.07821	0.13340	0.07820	0.08009	0.07829	0.07821	0.07937	0.08091	0.07962	0.07846	0.12979	0.12961	0.12721	0.12984	0.07939	0.08068	0.07827	0.13211	0.13023	0.12988	0.08026	0.13007	0.12983	0.13100	0.08064	0.08139	0.08821	0.12966	0.12762	0.08050	0.13157	0.12974
0.77778	0.10108	0.07729	0.1228363886475563	0.07811	0.09938	0.12257	0.07835	0.11042	0.12499	0.13264	0.07971	0.08471	0.07731	0.12271	0.08330	0.07774	0.08376	0.12231	0.09755	0.12228	0.12352	0.07761	0.12078	0.07696	0.12236	0.07714	0.07704	0.08009	0.12112	0.08010	0.07823	0.12291	0.12267	0.12159	0.07701	0.07927	0.08198	0.07714	0.12275	0.12234	0.12283	0.08079	0.12235	0.12254	0.12253	0.08207	0.08496	0.08729	0.12289	0.11962	0.08096	0.12272	0.12196
0.78788	0.10371	0.08332	0.11518016457557678	0.08344	0.12354	0.09149	0.11474	0.09441	0.10114	0.14301	0.08686	0.12449	0.08233	0.08221	0.11339	0.11491	0.11312	0.11427	0.11889	0.11445	0.09843	0.08380	0.09139	0.11517	0.11436	0.08195	0.11515	0.11434	0.09212	0.08785	0.11423	0.08173	0.11482	0.11394	0.11499	0.11444	0.11436	0.11514	0.09561	0.08952	0.11492	0.11446	0.11447	0.08415	0.09136	0.11438	0.11529	0.11407	0.08213	0.09072	0.08909	0.09114	0.08924
0.79798	0.10750	0.09322	0.11441996693611145	0.11151	0.11471	0.10664	0.09290	0.11439	0.11374	0.15468	0.11162	0.11624	0.11147	0.09296	0.10840	0.09388	0.10982	0.09923	0.12799	0.09601	0.11336	0.11125	0.11177	0.11152	0.10166	0.09268	0.11159	0.10737	0.10923	0.11079	0.09912	0.09265	0.09341	0.11156	0.11152	0.09846	0.10606	0.09310	0.11296	0.11206	0.09324	0.10470	0.09716	0.11138	0.11244	0.10797	0.11926	0.11203	0.09393	0.10678	0.10429	0.11195	0.11173
0.80808	0.12279	0.11046	0.1372288316488266	0.11047	0.14044	0.12754	0.10937	0.13044	0.13989	0.28651	0.11239	0.11578	0.11052	0.11046	0.11387	0.10998	0.13359	0.11201	0.12257	0.11094	0.13449	0.11710	0.12029	0.11060	0.11243	0.11037	0.10946	0.13704	0.11425	0.12326	0.11987	0.11051	0.11056	0.11714	0.11061	0.11152	0.11410	0.11055	0.13893	0.13110	0.11057	0.12733	0.11115	0.11316	0.13317	0.11518	0.14848	0.13600	0.11123	0.11566	0.11219	0.12927	0.11510
0.81818	0.14168	0.11734	0.17151543498039246	0.13043	0.19004	0.15333	0.13261	0.16724	0.16858	0.22037	0.12166	0.13818	0.11694	0.11664	0.13231	0.13014	0.13086	0.14569	0.17962	0.11794	0.12851	0.14388	0.14310	0.13319	0.12174	0.11649	0.13053	0.18885	0.12866	0.14976	0.14664	0.11738	0.11681	0.13419	0.11769	0.11975	0.12548	0.13027	0.17060	0.16431	0.11685	0.15685	0.11834	0.13459	0.16832	0.12880	0.18557	0.17061	0.11971	0.15196	0.12428	0.15738	0.13026
0.82828	0.18432	0.13974	0.2295408695936203	0.16027	0.22193	0.14735	0.13640	0.21028	0.21220	0.34650	0.17955	0.26237	0.16096	0.15956	0.26177	0.13228	0.21206	0.14446	0.16374	0.16419	0.19858	0.14529	0.14011	0.13543	0.17965	0.13165	0.16236	0.37021	0.15575	0.18992	0.14519	0.13486	0.16003	0.22691	0.16699	0.17297	0.19300	0.16153	0.21790	0.16197	0.16012	0.20259	0.16561	0.16675	0.23358	0.20735	0.17555	0.22909	0.17130	0.21558	0.14835	0.15164	0.16243
0.83838	0.21382	0.15490	0.282535195350647	0.15353	0.40873	0.22636	0.20570	0.34074	0.25330	0.26805	0.20982	0.27094	0.15495	0.18600	0.25961	0.15403	0.20567	0.17869	0.25911	0.15617	0.18281	0.23245	0.20843	0.20049	0.16875	0.15324	0.15633	0.31038	0.24893	0.22793	0.17932	0.19981	0.15446	0.21675	0.16133	0.16353	0.18027	0.15561	0.20351	0.21236	0.15422	0.19516	0.15707	0.19488	0.26554	0.19679	0.29649	0.24884	0.16355	0.30528	0.18345	0.24055	0.28099
0.84848	0.25512	0.18453	0.3285399377346039	0.18287	0.41276	0.27057	0.20577	0.38069	0.24509	0.30795	0.24723	0.29682	0.18425	0.18222	0.33861	0.18255	0.25426	0.22619	0.30773	0.18456	0.22147	0.31063	0.24775	0.19911	0.20310	0.18080	0.18736	0.31669	0.24407	0.27825	0.22485	0.19963	0.22292	0.28322	0.24090	0.23982	0.27393	0.18522	0.25649	0.28194	0.22089	0.32742	0.18569	0.18931	0.44164	0.25177	0.28380	0.31740	0.19862	0.28221	0.22764	0.23520	0.38628
0.85859	0.32245	0.22921	0.4124271273612976	0.26500	0.36222	0.33073	0.26260	0.34303	0.31193	0.35921	0.29803	0.39990	0.22498	0.26613	0.35182	0.22235	0.38034	0.36915	0.37384	0.22359	0.27183	0.40971	0.30203	0.25089	0.30170	0.26533	0.22932	0.35980	0.38333	0.28435	0.35551	0.25362	0.22820	0.36807	0.24832	0.29076	0.33511	0.27256	0.32606	0.47597	0.22348	0.36222	0.26901	0.23120	0.43689	0.32836	0.45381	0.44192	0.24897	0.38474	0.34424	0.29967	0.54078
0.86869	0.40157	0.30526	0.5287384390830994	0.32117	0.53632	0.39880	0.33515	0.40582	0.39753	0.42023	0.29888	0.48605	0.32463	0.31908	0.42977	0.27144	0.47332	0.51822	0.37264	0.32066	0.39684	0.50297	0.30597	0.31806	0.35877	0.31807	0.33166	0.34655	0.47841	0.35986	0.44816	0.38612	0.33691	0.57864	0.31556	0.34776	0.40324	0.27671	0.50045	0.57461	0.32177	0.47101	0.27062	0.28249	0.43489	0.52410	0.54169	0.52790	0.37177	0.50761	0.35411	0.38048	0.57521
0.87879	0.48354	0.35282	0.6341332793235779	0.38217	0.51212	0.47287	0.49148	0.48679	0.59731	0.49042	0.36020	0.61468	0.38514	0.37614	0.59004	0.33113	0.59679	0.69776	0.45611	0.33326	0.39891	0.55490	0.37562	0.46405	0.41830	0.37541	0.34076	0.41111	0.58814	0.45000	0.47055	0.41542	0.35791	0.54185	0.40167	0.35416	0.47542	0.38590	0.60322	0.65650	0.33197	0.49805	0.32658	0.39287	0.63593	0.63393	0.62726	0.62051	0.44943	0.66258	0.50536	0.56100	0.71733
0.88889	0.55887	0.43019	0.7197996973991394	0.40248	0.59938	0.54872	0.52292	0.65886	0.60863	0.56668	0.43046	0.75593	0.45147	0.43431	0.65455	0.39994	0.62925	0.69445	0.55574	0.45885	0.52784	0.72425	0.45501	0.56044	0.42773	0.43992	0.45062	0.47999	0.70260	0.54415	0.57874	0.52891	0.50122	0.62343	0.50870	0.46875	0.54774	0.40076	0.71935	0.73467	0.44314	0.53183	0.44029	0.40320	0.69556	0.61989	0.70774	0.72388	0.53149	0.62789	0.53249	0.57286	0.81578
0.89899	0.65264	0.50288	0.8077641129493713	0.53492	0.69517	0.63158	0.63346	0.79283	0.80142	0.64417	0.50436	0.72654	0.53335	0.45907	0.80733	0.52328	0.72428	0.66655	0.65265	0.56679	0.59552	0.81554	0.64468	0.67336	0.48961	0.46234	0.51691	0.60697	0.81163	0.64540	0.76512	0.65874	0.61966	0.70907	0.71439	0.53887	0.62370	0.46818	0.79970	0.73013	0.51415	0.63897	0.50858	0.47371	0.82960	0.70473	0.79305	0.85665	0.62672	0.65071	0.64185	0.75648	0.84936
0.90909	0.75154	0.58179	0.919517993927002	0.63266	0.86312	0.65347	0.79249	0.91124	0.78562	0.77642	0.62493	0.83592	0.62475	0.57132	0.99398	0.56003	0.86951	0.76802	0.75208	0.64719	0.65152	0.78963	1.37063	0.71438	0.54969	0.58250	0.58831	0.61183	0.81009	0.80977	0.76262	0.78055	0.68785	0.78703	0.76867	0.55362	0.63851	0.57536	1.05780	0.83857	0.58451	0.61395	0.71879	0.58655	1.04355	0.85951	0.78027	1.00015	0.71509	0.68900	0.81346	0.75248	0.82777
0.91919	0.73459	0.58072	0.8618086576461792	0.74953	0.79129	0.72185	0.78446	0.93475	0.85958	0.75754	0.59386	0.78566	0.61541	0.54918	0.74931	0.62290	0.77166	0.69825	0.83234	0.70491	0.59640	0.75978	0.75059	0.74556	0.56259	0.55350	0.61586	0.64560	0.80214	0.76773	0.82757	0.79153	0.71962	0.82067	0.77115	0.60305	0.68000	0.54917	0.91513	0.88184	0.59168	0.58273	0.68645	0.56048	1.03627	0.83314	0.78346	1.04258	0.72901	0.61133	0.77046	0.82955	0.79042
0.92929	0.65904	0.52713	0.8287763595581055	0.91183	0.75674	0.60864	0.61549	0.80309	0.74694	0.61282	0.56059	0.64103	0.59094	0.52737	0.62079	0.53081	0.72632	0.51519	0.73282	0.63310	0.52489	0.63234	0.60929	0.72076	0.53313	0.51454	1.11469	0.57394	0.70819	0.72931	0.67514	0.69506	0.67357	0.82294	0.69355	0.52950	0.56137	0.50818	0.66952	0.88128	0.51339	0.52916	0.60407	0.54332	0.88281	0.66435	0.67950	0.95850	0.59568	0.54749	0.69015	0.68671	0.55091
0.93939	0.46114	0.40706	0.5112172365188599	0.50871	0.48542	0.46631	0.43060	0.53377	0.47932	0.44071	0.43018	0.46428	0.41732	0.39788	0.41352	0.41573	0.45714	0.39231	0.49920	0.41906	0.41411	0.47809	0.43295	0.45888	0.48875	0.39990	0.49337	0.47834	0.48364	0.49837	0.47256	0.46992	0.45086	0.62329	0.43718	0.41020	0.42365	0.40997	0.43358	0.55576	0.41091	0.39793	0.43069	0.40785	0.68128	0.44312	0.45245	0.64390	0.43157	0.39551	0.48797	0.47931	0.42981
0.94949	0.54688	0.49370	0.5949417352676392	0.49153	0.55566	0.57884	0.57503	0.48341	0.55116	0.48404	0.55532	0.50688	0.54240	0.56257	0.60423	0.61181	0.52037	0.59391	0.53672	0.56719	0.52900	0.50533	0.58418	0.50258	0.49394	0.57229	0.49986	0.56613	0.57113	0.54271	0.55053	0.44341	0.55647	0.45546	0.55001	0.63778	0.59104	0.62207	0.50695	0.49622	0.62372	0.55678	0.54901	0.55207	0.50151	0.56261	0.58861	0.50592	0.57579	0.56925	0.53692	0.54533	0.57813
0.95960	1.09795	1.06029	1.136181116104126	1.07645	1.12638	1.13537	1.17316	1.10809	1.04053	1.06518	1.11741	1.15650	1.12081	1.14348	1.06836	1.06875	1.11151	1.07253	1.05676	1.06361	1.06755	1.10568	1.10042	1.04725	1.06997	1.06346	1.07830	1.09777	1.09663	1.11185	1.09843	1.07344	1.21710	1.07755	1.04555	1.07804	1.07641	1.07312	1.07584	1.13062	1.08953	1.13068	1.06043	1.05905	1.08877	1.12494	1.12459	1.13158	1.14910	1.12724	1.12576	1.12334	1.07272
0.96970	1.92448	1.90601	1.9424952268600464	1.91368	1.92351	1.91622	1.92794	1.91614	1.93594	1.92979	1.91648	1.92857	1.96841	1.90223	1.92242	1.92557	1.92374	1.93525	1.93044	1.92831	1.91816	1.97916	1.92053	1.92147	1.93577	1.92293	1.91466	1.94306	1.92916	1.93267	1.92098	1.94243	1.95264	1.93781	1.92549	1.92161	1.91972	1.92143	1.90643	1.96796	1.91497	1.89359	1.92967	1.91694	1.92280	1.91707	1.90897	1.91772	1.89932	1.89647	1.92111	1.88924	1.91728
0.97980	2.50896	2.47716	2.56109619140625	2.47181	2.51119	2.47372	2.52182	2.54209	2.49361	2.50646	2.48292	2.49531	2.54097	2.48974	2.52378	2.49041	2.49199	2.51753	2.48669	2.51626	2.50854	2.57375	2.48751	2.55969	2.55030	2.51430	2.50037	2.51405	2.48896	2.49630	2.47519	2.51097	2.53341	2.51708	2.61441	2.49268	2.48806	2.48649	2.57544	2.46832	2.48075	2.59318	2.50013	2.47737	2.48990	2.49852	2.51259	2.47889	2.50080	2.57402	2.48536	2.45663	2.48761
0.98990	2.93413	2.88775	2.982591390609741	2.93391	2.94946	2.93991	2.94950	2.98156	2.89182	2.88611	2.92453	2.87443	2.92969	2.96645	2.95226	2.90421	2.93231	2.94896	2.88137	2.92972	2.96440	2.94354	2.94907	2.99249	2.92339	2.89872	2.93997	2.92179	2.90951	2.92520	2.92734	2.90747	2.97340	2.94435	2.98802	2.87087	2.89077	2.90434	3.00222	2.96250	2.90337	3.00883	2.88079	2.94572	2.89493	2.95072	2.98199	2.94018	2.88793	2.99866	2.91927	2.95654	2.92204
1.00000	3.09663	3.02947	3.160160541534424	3.10462	3.12632	3.11936	3.12388	3.13148	3.03179	3.04159	3.08621	3.02888	3.07336	3.15126	3.10635	3.02627	3.07752	3.10255	3.02172	3.09269	3.11838	3.11488	3.12891	3.17581	3.08483	3.05665	3.14558	3.10584	3.03459	3.08147	3.10178	3.07628	3.14578	3.09343	3.17345	3.00969	3.03296	3.06284	3.16931	3.13751	3.06394	3.18785	3.02086	3.09654	3.04449	3.13039	3.14046	3.11322	3.02953	3.17763	3.08739	3.15914	3.08411
