eta	mean	conf_05	conf_95	trace_00	trace_01	trace_02	trace_03	trace_04	trace_05	trace_06	trace_07	trace_08	trace_09	trace_10	trace_11	trace_12	trace_13	trace_14	trace_15	trace_16	trace_17	trace_18	trace_19	trace_20	trace_21	trace_22	trace_23	trace_24	trace_25	trace_26	trace_27	trace_28	trace_29	trace_30	trace_31	trace_32	trace_33	trace_34	trace_35	trace_36	trace_37	trace_38	trace_39	trace_40	trace_41	trace_42	trace_43	trace_44	trace_45	trace_46	trace_47	trace_48	trace_49
0.0000100	3.01839	2.76841	3.26837	3.05830	2.98421	3.04818	3.02460	2.97614	3.04132	2.93677	2.98926	3.16250	3.06323	2.97733	2.85354	2.97765	3.12716	3.01381	2.96144	2.94478	2.95590	3.07074	3.37060	3.01074	3.03869	2.93742	3.51372	2.99650	3.05211	2.89989	3.00280	3.14024	2.80568	2.83033	3.07555	3.07719	3.02520	3.06068	3.08380	3.29122	2.97935	2.93458	2.92422	3.11847	2.89144	2.83312	2.95138	2.92785	3.03641	2.94702	2.82364	3.06218	3.11057
0.0000112	3.01896	2.77189	3.26602	3.05400	2.99144	3.05001	3.02510	2.96605	3.05376	2.95785	2.98857	3.16239	3.06324	2.99821	2.85258	2.95739	3.12876	2.99304	2.95532	2.96795	2.97145	3.07121	3.37173	3.00997	3.03822	2.95788	3.51622	2.99640	3.05013	2.88341	3.00439	3.11429	2.80864	2.84905	3.05642	3.06577	3.02569	3.06919	3.06386	3.29219	2.98102	2.95529	2.94728	3.12170	2.91471	2.81790	2.96963	2.90231	3.03491	2.92666	2.82788	3.06151	3.10527
0.0000126	3.02108	2.77297	3.26920	3.06838	2.96245	3.03576	3.04250	2.97917	3.04348	2.94064	3.00609	3.16229	3.06544	2.98154	2.90688	2.97683	3.12670	3.01276	2.95838	2.94788	2.95849	3.07230	3.37297	3.00893	3.02271	2.94180	3.51911	2.98550	3.05883	2.90116	2.99628	3.13906	2.82056	2.83667	3.07364	3.07721	3.02708	3.06204	3.08126	3.29330	2.98294	2.93797	2.92768	3.12933	2.89637	2.83527	2.95556	2.92583	3.03762	2.94669	2.81864	3.08334	3.11091
0.0000142	3.02214	2.77258	3.27170	3.06400	2.98642	3.05289	3.04387	2.96869	3.04361	2.94101	2.98933	3.16213	3.08638	3.00134	2.87037	2.97848	3.12745	3.01432	2.96066	2.94712	2.95871	3.07311	3.37429	2.98990	3.03918	2.94259	3.52444	2.99975	3.05813	2.90364	3.00523	3.14128	2.81511	2.83880	3.07414	3.07841	3.02668	3.06241	3.08196	3.29448	2.98500	2.93806	2.92685	3.12763	2.89718	2.83797	2.95515	2.92726	3.03670	2.94860	2.83257	3.06155	3.11225
0.0000159	3.02413	2.77710	3.27116	3.06510	2.98644	3.03598	3.04574	2.98372	3.04398	2.94131	3.00895	3.16205	3.06302	2.98333	2.92973	2.98051	3.12518	3.01629	2.96031	2.94751	2.95851	3.07417	3.37580	3.01205	3.02297	2.94362	3.52853	2.98719	3.06107	2.90639	3.00234	3.14175	2.82754	2.84063	3.07571	3.08047	3.04457	3.06307	3.06330	3.29588	2.98743	2.93821	2.92674	3.12519	2.89804	2.84070	2.97338	2.92912	3.03319	2.95100	2.81657	3.08777	3.11455
0.0000179	3.02578	2.78134	3.27021	3.07020	2.98900	3.05342	3.02660	2.98485	3.05847	2.96500	2.98955	3.16190	3.06312	3.00689	2.93386	2.98218	3.12248	2.99491	2.96013	2.97322	2.97643	3.07550	3.37740	2.99103	3.04248	2.96650	3.53312	2.98904	3.06103	2.88979	2.99877	3.11203	2.82183	2.86117	3.05613	3.06965	3.04601	3.07380	3.08416	3.29740	2.99006	2.96141	2.95218	3.12802	2.92411	2.82552	2.97516	2.90291	3.03629	2.93008	2.82848	3.06652	3.10919
0.0000201	3.02727	2.78145	3.27309	3.06401	2.99300	3.04079	3.04784	2.98705	3.04724	2.94545	3.01167	3.16186	3.06554	2.98783	2.92374	2.96238	3.12833	3.01866	2.97301	2.95089	2.96169	3.07688	3.37921	3.01361	3.02578	2.94848	3.53973	3.00686	3.06274	2.91196	3.00731	3.14594	2.83670	2.84661	3.07681	3.08444	3.03005	3.06681	3.06418	3.29920	2.99314	2.94201	2.92996	3.11926	2.90309	2.84739	2.96022	2.93159	3.03878	2.95498	2.84340	3.09013	3.11533
0.0000226	3.02990	2.78443	3.27538	3.06282	2.99325	3.05880	3.03085	2.98023	3.04973	2.94846	2.99624	3.16175	3.06818	2.99135	2.93752	2.98657	3.12159	3.02120	2.97155	2.95355	2.96400	3.07830	3.38113	2.99587	3.04592	2.95197	3.54697	2.99470	3.06631	2.91596	3.01447	3.14884	2.83514	2.85107	3.07884	3.08783	3.03313	3.07888	3.08631	3.30115	2.99648	2.94475	2.93226	3.12208	2.90661	2.85166	2.98089	2.93396	3.02361	2.95812	2.85256	3.08313	3.11863
0.0000254	3.03219	2.78654	3.27784	3.07159	2.97832	3.03987	3.05191	2.99617	3.05392	2.95364	3.01772	3.16176	3.09260	2.99663	2.94862	2.96912	3.10649	3.02316	2.96293	2.95735	2.96861	3.07996	3.38330	3.01731	3.03182	2.95729	3.55266	3.01413	3.06592	2.91942	2.95591	3.15034	2.84849	2.85844	3.07981	3.09021	3.05251	3.07356	3.06850	3.30343	3.00037	2.94964	2.93675	3.13225	2.91242	2.85595	2.96701	2.93529	3.03971	2.96034	2.84901	3.09497	3.12245
0.0000285	3.03464	2.79327	3.27601	3.05236	3.00186	3.04521	3.05326	2.98703	3.06756	2.97628	3.01970	3.16188	3.09384	2.99954	2.95603	2.97028	3.11717	3.00415	2.97507	2.98095	2.98581	3.08200	3.38569	3.01845	3.03351	2.97957	3.55981	3.00309	3.07278	2.90497	2.99519	3.12239	2.85461	2.88000	3.06258	3.08162	3.05423	3.07542	3.06898	3.30604	3.00477	2.97155	2.96053	3.09077	2.93785	2.84254	2.98529	2.91087	3.03860	2.94177	2.84581	3.09472	3.11785
0.0000320	3.03837	2.79431	3.28243	3.07098	3.00156	3.04429	3.05549	3.00319	3.05702	2.95811	3.02216	3.16204	3.09490	3.00269	2.96468	2.99297	3.11525	3.02713	2.97667	2.96041	2.97138	3.08415	3.38828	3.02030	3.03511	2.96351	3.56940	3.00613	3.06982	2.92724	3.00079	3.15412	2.86126	2.86765	3.08163	3.09551	3.05687	3.07708	3.06871	3.30898	3.00969	2.95383	2.93892	3.12616	2.91834	2.86501	2.97061	2.93868	3.02658	2.96598	2.86049	3.09829	3.12843
0.0000359	3.04181	2.79875	3.28486	3.07072	3.00967	3.04759	3.05775	3.00744	3.06056	2.96266	3.02523	3.16234	3.09645	3.00791	2.97397	2.99567	3.09904	3.02955	2.98184	2.96378	2.97498	3.08641	3.39117	3.02217	3.03819	2.96877	3.57966	3.01137	3.06985	2.93190	3.00462	3.15637	2.86903	2.87447	3.08299	3.09912	3.05978	3.08114	3.07043	3.31233	3.01525	2.95828	2.94232	3.12684	2.92364	2.87073	2.97378	2.94080	3.03063	2.96928	2.86925	3.10017	3.13242
0.0000404	3.04618	2.80443	3.28792	3.06866	3.02681	3.06547	3.05901	3.00153	3.07571	2.96843	3.01084	3.16278	3.09748	3.03159	2.98368	2.99771	3.09500	3.01244	2.98841	2.98798	2.99416	3.08939	3.39437	3.00556	3.05587	2.99266	3.59208	3.01784	3.08163	2.92018	3.00863	3.13190	2.86715	2.89856	3.06706	3.09282	3.06188	3.09343	3.08968	3.31615	3.02147	2.98190	2.96779	3.12438	2.95099	2.86128	2.99383	2.91921	3.04274	2.95311	2.87052	3.08744	3.12957
0.0000453	3.05061	2.80758	3.29365	3.07889	3.02286	3.05140	3.06338	3.00707	3.06859	2.97297	3.03255	3.16344	3.10090	3.01975	2.99461	2.98284	3.12369	3.03563	2.99372	2.97089	2.98342	3.09256	3.39796	3.02700	3.04556	2.98069	3.60530	3.03634	3.06884	2.94324	3.00518	3.16184	2.88523	2.88994	3.08632	3.10777	3.06692	3.09072	3.07393	3.32054	3.02850	2.96878	2.94942	3.12253	2.93531	2.88506	2.98074	2.94672	3.03940	2.97772	2.89582	3.10636	3.14187
0.0000509	3.05564	2.81457	3.29672	3.08068	3.03350	3.05632	3.06526	3.01472	3.08385	2.98094	3.03479	3.16439	3.10215	3.02818	3.00642	3.00503	3.09459	3.02043	3.00141	2.99481	3.00265	3.09601	3.40202	3.01138	3.05033	3.00475	3.61984	3.03294	3.06144	2.93431	2.99942	3.14258	2.89613	2.91614	3.07175	3.10395	3.07003	3.10351	3.09288	3.32558	3.03641	2.99241	2.97498	3.14338	2.96262	2.87979	3.00115	2.92852	3.04596	2.96439	2.89975	3.10452	3.14325
0.0000572	3.06106	2.81954	3.30258	3.08770	3.03337	3.07203	3.05442	3.03170	3.07888	3.00279	3.02586	3.16564	3.08769	3.05062	3.01946	2.99336	3.10123	3.04112	3.00532	2.98092	2.99508	3.09992	3.40666	3.03056	3.06686	2.99668	3.63651	3.04998	3.07021	2.95549	3.03092	3.16526	2.89888	2.91274	3.08857	3.11722	3.06266	3.10296	3.07939	3.33136	3.04523	2.98377	2.96143	3.13485	2.95105	2.90255	2.99192	2.95271	3.04730	2.98639	2.92105	3.09146	3.15334
0.0000643	3.06809	2.82502	3.31116	3.08676	3.05021	3.07435	3.05985	3.02978	3.09336	3.00997	3.03280	3.16726	3.10872	3.05883	3.03340	3.01475	3.11738	3.02992	3.01173	3.00395	3.01330	3.10437	3.41197	3.01952	3.07199	3.01971	3.65480	3.04883	3.06833	2.95040	3.01825	3.15054	2.90955	2.93681	3.07800	3.11734	3.06906	3.11505	3.09742	3.33796	3.05499	3.00667	2.98558	3.17367	2.97718	2.90141	3.01221	2.93901	3.01733	2.97755	2.92310	3.10014	3.15951
0.0000722	3.07488	2.83015	3.31962	3.09021	3.06042	3.05805	3.07755	3.03820	3.09792	3.00081	3.04831	3.16949	3.09594	3.05209	3.04894	3.01979	3.09542	3.03281	3.01798	3.00912	3.01871	3.10938	3.41835	3.02159	3.06371	3.02805	3.67491	3.05698	3.08423	2.95754	3.02848	3.15175	2.92804	2.94856	3.07854	3.12300	3.08523	3.12092	3.09922	3.34572	3.06602	3.01488	2.99117	3.20543	2.98532	2.91306	3.01740	2.94315	3.04300	2.98291	2.93770	3.11960	3.16856
0.0000811	3.08312	2.83633	3.32992	3.09312	3.06846	3.06331	3.08236	3.04869	3.10338	3.00920	3.05265	3.17228	3.10326	3.06203	3.06565	3.02549	3.12667	3.03777	3.02396	3.01471	3.02506	3.11481	3.42587	3.02554	3.06947	3.03701	3.69636	3.06718	3.09397	2.96707	3.03189	3.15589	2.93967	2.96130	3.08095	3.13062	3.09136	3.12827	3.10164	3.35463	3.07814	3.02435	2.99753	3.21638	2.99381	2.92784	3.02352	2.95005	3.04545	2.99065	2.95115	3.12694	3.17886
0.0000911	3.09219	2.84300	3.34139	3.09966	3.07188	3.09292	3.07570	3.06835	3.10218	3.03393	3.04652	3.17586	3.12896	3.08810	3.08394	3.01783	3.10391	3.06161	3.02880	3.00478	3.02162	3.12113	3.43500	3.04766	3.08905	3.03360	3.71871	3.08682	3.10866	2.99189	3.04234	3.17872	2.94274	2.96429	3.10059	3.14594	3.08916	3.13366	3.09122	3.36505	3.09156	3.02312	2.98858	3.22905	2.98563	2.95673	3.01823	2.97760	3.05338	3.01597	2.96979	3.11585	3.19135
0.0001024	3.10219	2.85059	3.35379	3.08474	3.09176	3.08515	3.09609	3.08099	3.11071	3.03184	3.06911	3.18029	3.13079	3.08944	3.10413	3.04132	3.11756	3.06922	3.02804	3.01460	3.04151	3.12804	3.44611	3.04112	3.08787	3.04579	3.74132	3.09275	3.11749	3.00431	3.03673	3.18543	2.95788	2.98091	3.10646	3.15658	3.10860	3.14885	3.11098	3.37715	3.10620	3.03751	2.99918	3.24226	2.99745	2.97733	3.03992	2.98726	3.04864	3.02686	2.96975	3.12997	3.20548
0.0001150	3.11370	2.86052	3.36688	3.12110	3.10051	3.10464	3.09309	3.08849	3.12534	3.05628	3.06655	3.18580	3.15673	3.11439	3.12669	3.03757	3.12432	3.06328	3.01373	3.03754	3.04188	3.13600	3.45983	3.05920	3.10559	3.07001	3.76175	3.11222	3.12452	3.00567	3.04849	3.17396	2.98298	3.00810	3.09982	3.16315	3.11027	3.15729	3.10342	3.39137	3.12219	3.06282	3.02451	3.25744	3.02542	2.99155	3.03885	2.98167	3.05996	3.02584	2.98942	3.15531	3.21853
0.0001292	3.12587	2.87199	3.37976	3.10658	3.11729	3.09642	3.10250	3.11062	3.13436	3.06920	3.08235	3.19268	3.16834	3.12942	3.15221	3.05890	3.13013	3.07248	3.02777	3.04668	3.05391	3.14505	3.47682	3.06605	3.11591	3.08287	3.77718	3.12746	3.13583	3.02108	3.05650	3.18410	2.99522	3.02731	3.10636	3.17563	3.12255	3.17104	3.10961	3.40813	3.13951	3.07941	3.03595	3.27490	3.03723	3.01997	3.05072	2.99519	3.06736	3.04050	3.00708	3.15334	3.23593
0.0001451	3.13969	2.88584	3.39354	3.14104	3.13371	3.11443	3.10973	3.12066	3.14231	3.08187	3.07960	3.20419	3.19957	3.14385	3.18127	3.06732	3.13332	3.07872	3.06028	3.05446	3.06449	3.15524	3.49784	3.07026	3.12398	3.09507	3.78365	3.14243	3.14133	3.03510	3.04700	3.19143	3.01826	3.04686	3.10877	3.18672	3.13287	3.18297	3.11195	3.42797	3.15813	3.09636	3.04609	3.29502	3.04768	3.04944	3.05848	3.00746	3.09501	3.05367	3.04698	3.16689	3.25289
0.0001630	3.15494	2.90172	3.40816	3.15040	3.15637	3.11732	3.12745	3.14293	3.14932	3.08991	3.09624	3.21029	3.23158	3.15583	3.21507	3.06916	3.13991	3.09827	3.09127	3.05596	3.08377	3.16671	3.52375	3.06963	3.13048	3.10087	3.77661	3.15856	3.15360	3.05986	3.06966	3.21163	3.02597	3.06418	3.11663	3.20121	3.15080	3.19790	3.12699	3.45154	3.17796	3.11068	3.05007	3.31821	3.04847	3.08850	3.07701	3.03450	3.10361	3.07910	3.06004	3.18114	3.28009
0.0001831	3.17177	2.92142	3.42212	3.15692	3.17906	3.12679	3.13790	3.16282	3.16163	3.10881	3.10669	3.21604	3.27387	3.17898	3.25434	3.08289	3.14872	3.10769	3.14235	3.07113	3.09731	3.17969	3.55550	3.08106	3.14515	3.11653	3.75319	3.17887	3.15920	3.07590	3.07714	3.21717	3.04381	3.09025	3.12453	3.21428	3.16472	3.21401	3.13317	3.47971	3.19896	3.13288	3.06900	3.34503	3.06337	3.12710	3.09028	3.04958	3.10888	3.09816	3.08959	3.19217	3.30572
0.0002057	3.19096	2.94306	3.43885	3.15391	3.20790	3.14483	3.14771	3.18361	3.17570	3.13332	3.11408	3.23780	3.32156	3.20506	3.30021	3.10468	3.15867	3.11393	3.18760	3.09423	3.11241	3.19421	3.59396	3.09845	3.16341	3.13747	3.71463	3.19863	3.17535	3.09062	3.08389	3.21913	3.06834	3.12028	3.14057	3.23147	3.18119	3.23574	3.13780	3.51357	3.22103	3.15601	3.09643	3.37594	3.08754	3.17174	3.10383	3.06167	3.10873	3.11918	3.10671	3.21690	3.32627
0.0002310	3.21205	2.96522	3.45888	3.16026	3.23230	3.16364	3.16484	3.20907	3.19248	3.15493	3.13026	3.25374	3.34816	3.22993	3.35164	3.11986	3.17558	3.13246	3.22177	3.11017	3.13431	3.21089	3.64002	3.10824	3.18233	3.15139	3.66656	3.22521	3.19008	3.11647	3.11233	3.24059	3.09153	3.15189	3.14892	3.24611	3.20055	3.25215	3.14959	3.55466	3.24432	3.17996	3.12026	3.41180	3.10318	3.21664	3.12644	3.09014	3.10787	3.15051	3.12481	3.23817	3.36340
0.0002595	3.23569	2.98318	3.48820	3.21862	3.26542	3.17737	3.17927	3.23997	3.20602	3.17940	3.14358	3.27322	3.42237	3.26004	3.39948	3.13934	3.18691	3.14239	3.26047	3.13418	3.15669	3.23028	3.69358	3.12413	3.20094	3.16978	3.61693	3.24463	3.21170	3.13645	3.12676	3.24906	3.10469	3.18296	3.16398	3.26648	3.22214	3.27673	3.16274	3.60490	3.26901	3.20251	3.15160	3.45338	3.11347	3.26660	3.15141	3.11111	3.11772	3.18414	3.14150	3.26514	3.38323
0.0002915	3.26230	3.00452	3.52009	3.25047	3.29546	3.20780	3.19708	3.27243	3.22259	3.20459	3.16123	3.29299	3.45858	3.29052	3.44471	3.16211	3.20841	3.15873	3.29785	3.16056	3.18483	3.25158	3.75156	3.13992	3.22045	3.18552	3.56466	3.26798	3.23125	3.16112	3.14067	3.26737	3.13199	3.21745	3.17246	3.28469	3.24479	3.29885	3.17641	3.66608	3.29530	3.23088	3.18824	3.50144	3.13127	3.31242	3.18324	3.14041	3.17859	3.22140	3.16853	3.30590	3.41173
0.0003275	3.29242	3.02778	3.55705	3.27943	3.32582	3.24340	3.21548	3.30501	3.24157	3.23173	3.18219	3.31377	3.48910	3.33353	3.49015	3.18504	3.22807	3.17987	3.33530	3.19390	3.22185	3.27520	3.80380	3.16292	3.24413	3.20198	3.52404	3.29210	3.24750	3.18895	3.16678	3.29431	3.15612	3.25553	3.20684	3.29535	3.26908	3.32215	3.19863	3.73812	3.32341	3.26050	3.23168	3.55642	3.15280	3.35361	3.22402	3.17871	3.21072	3.27408	3.23265	3.34383	3.43971
0.0003678	3.32644	3.05635	3.59654	3.31102	3.34487	3.27192	3.23684	3.34062	3.27127	3.26882	3.21430	3.33706	3.51848	3.38341	3.54023	3.22390	3.25502	3.20171	3.36817	3.23765	3.25848	3.30694	3.83066	3.19369	3.27074	3.22118	3.49741	3.32598	3.28550	3.21478	3.21253	3.33195	3.19696	3.29862	3.23952	3.32580	3.29559	3.33682	3.22386	3.81358	3.35317	3.28766	3.27649	3.61765	3.17459	3.37977	3.27514	3.22037	3.24319	3.31857	3.27328	3.41745	3.47897
0.0004132	3.36196	3.09610	3.62781	3.34601	3.37168	3.37654	3.27240	3.37024	3.29063	3.29394	3.25670	3.35650	3.54948	3.42559	3.56910	3.28179	3.27336	3.23267	3.38949	3.27629	3.30807	3.34023	3.81604	3.22373	3.30106	3.24864	3.47736	3.35219	3.28889	3.25216	3.25355	3.40288	3.22804	3.32904	3.28977	3.34856	3.32406	3.36014	3.25973	3.86932	3.38437	3.33253	3.33127	3.68260	3.20895	3.40508	3.32692	3.26103	3.28049	3.38157	3.31040	3.49799	3.48884
0.0004642	3.40247	3.15302	3.65191	3.38433	3.40589	3.45286	3.30734	3.43232	3.32725	3.32537	3.30727	3.37413	3.58217	3.50201	3.58828	3.32918	3.32908	3.26241	3.42503	3.32911	3.37470	3.37493	3.76773	3.27118	3.35227	3.27239	3.45508	3.37827	3.36186	3.28569	3.32827	3.49552	3.28616	3.36379	3.33493	3.36057	3.34577	3.39341	3.30085	3.87122	3.41519	3.36659	3.36666	3.74502	3.25832	3.43656	3.38633	3.31760	3.32292	3.42471	3.34877	3.57912	3.51692
0.0005214	3.44110	3.21512	3.66707	3.42416	3.43388	3.52900	3.35949	3.47091	3.35488	3.36243	3.36934	3.39432	3.61286	3.56241	3.59518	3.37853	3.36582	3.31925	3.46231	3.37507	3.42762	3.40921	3.70974	3.32617	3.39896	3.32150	3.45743	3.40824	3.40016	3.32237	3.38853	3.60455	3.33068	3.40620	3.38363	3.38427	3.37169	3.42029	3.36589	3.81587	3.44379	3.41525	3.40638	3.79328	3.30549	3.45562	3.43914	3.36300	3.36881	3.47889	3.38751	3.64811	3.52674
0.0005857	3.47420	3.27820	3.67021	3.46055	3.45931	3.59260	3.39593	3.50571	3.40744	3.41649	3.41516	3.43846	3.63458	3.61877	3.56152	3.42434	3.40013	3.36122	3.47828	3.42354	3.47345	3.43816	3.65649	3.38729	3.43272	3.35940	3.47408	3.43407	3.43662	3.37866	3.44586	3.66954	3.37361	3.44248	3.42929	3.44283	3.43139	3.42572	3.40942	3.73861	3.46610	3.47421	3.45392	3.81399	3.35414	3.45428	3.47113	3.42991	3.41274	3.49258	3.42238	3.69277	3.49824
0.0006579	3.49320	3.32078	3.66561	3.48614	3.47016	3.63237	3.42487	3.53349	3.43052	3.43605	3.44751	3.44892	3.63972	3.65979	3.55696	3.45884	3.42537	3.39756	3.48727	3.44311	3.49694	3.45624	3.60976	3.42680	3.45547	3.39415	3.46691	3.45164	3.46556	3.40832	3.49224	3.68407	3.40899	3.45676	3.46328	3.45931	3.45110	3.46115	3.44069	3.66648	3.47809	3.50065	3.46576	3.80081	3.39695	3.47770	3.48430	3.45501	3.44634	3.50074	3.44787	3.70286	3.50819
0.0007391	3.48920	3.33768	3.64072	3.49157	3.45644	3.64103	3.43708	3.54839	3.43574	3.43825	3.45899	3.44326	3.62317	3.67089	3.50008	3.47284	3.43188	3.41749	3.48264	3.44195	3.47020	3.45647	3.56381	3.43762	3.46180	3.41627	3.44937	3.44478	3.47764	3.41936	3.51900	3.65959	3.42621	3.44807	3.47638	3.46060	3.45517	3.45159	3.45153	3.60278	3.47416	3.47935	3.46038	3.75959	3.42016	3.45790	3.48027	3.45491	3.45873	3.46828	3.45606	3.67929	3.47094
0.0008302	3.46802	3.33117	3.60487	3.47675	3.42541	3.62198	3.43003	3.54883	3.42204	3.42300	3.45044	3.42187	3.58844	3.64955	3.44054	3.46663	3.41832	3.41677	3.46352	3.42287	3.43612	3.43956	3.51564	3.42155	3.45117	3.42016	3.42102	3.41947	3.47111	3.40964	3.52645	3.61288	3.42228	3.42006	3.46942	3.44595	3.44311	3.42516	3.44258	3.54400	3.45464	3.43513	3.43924	3.70185	3.41934	3.42407	3.46136	3.43450	3.44884	3.42908	3.44647	3.63294	3.42932
0.0009326	3.43114	3.30425	3.55802	3.44357	3.37887	3.57935	3.40319	3.53026	3.39012	3.39105	3.42329	3.38543	3.53884	3.60127	3.37915	3.44220	3.38583	3.39435	3.42969	3.38769	3.39653	3.40680	3.46196	3.38518	3.42361	3.40279	3.38137	3.37772	3.44615	3.37964	3.51451	3.55194	3.39732	3.37616	3.44483	3.41525	3.41505	3.38356	3.41573	3.48475	3.41969	3.38110	3.40276	3.63358	3.39590	3.37772	3.42815	3.39733	3.41844	3.38342	3.41976	3.57141	3.38255
0.0010476	3.38043	3.26109	3.49978	3.39493	3.31955	3.51809	3.35845	3.48745	3.34223	3.34430	3.37950	3.33557	3.47749	3.53540	3.31520	3.40214	3.33745	3.35274	3.38258	3.33833	3.34966	3.36027	3.40114	3.33406	3.38026	3.36591	3.33088	3.32268	3.40469	3.33242	3.48153	3.48109	3.35425	3.31970	3.40520	3.36962	3.37221	3.32898	3.37331	3.42136	3.37016	3.32175	3.35203	3.55752	3.35425	3.32062	3.38137	3.34586	3.37064	3.33049	3.37778	3.49935	3.32924
0.0011768	3.31813	3.20592	3.43034	3.33381	3.25078	3.44302	3.29905	3.41996	3.28136	3.28529	3.32141	3.27462	3.40688	3.45892	3.24783	3.34882	3.27657	3.29612	3.32454	3.27718	3.29485	3.30230	3.33308	3.27183	3.32304	3.31380	3.27089	3.25774	3.34935	3.27209	3.42592	3.40325	3.29691	3.25378	3.35271	3.31107	3.31654	3.26393	3.31764	3.35196	3.30757	3.25763	3.28920	3.47488	3.29862	3.25483	3.32257	3.28232	3.30867	3.27002	3.32300	3.41934	3.26893
0.0013219	3.24678	3.14232	3.35124	3.26298	3.17603	3.35822	3.22876	3.33439	3.21076	3.21697	3.25174	3.20543	3.32904	3.37537	3.17691	3.28450	3.20637	3.22880	3.25806	3.20724	3.23256	3.23536	3.25864	3.20157	3.25443	3.25053	3.20346	3.18607	3.28293	3.20259	3.34976	3.32055	3.22900	3.18140	3.28935	3.24214	3.25046	3.19116	3.25116	3.27626	3.23422	3.18885	3.21731	3.38651	3.23245	3.18267	3.25416	3.20954	3.23566	3.20274	3.25811	3.33319	3.20246
0.0014850	3.16928	3.07343	3.26514	3.18528	3.09857	3.26707	3.15145	3.23951	3.13393	3.14257	3.17373	3.13111	3.24589	3.28668	3.10338	3.21165	3.13003	3.15466	3.18556	3.13197	3.16428	3.16218	3.17940	3.12667	3.17748	3.17938	3.13113	3.11062	3.20830	3.12746	3.25923	3.23451	3.15399	3.10560	3.21730	3.16588	3.17678	3.11380	3.17669	3.19536	3.15321	3.11643	3.13991	3.29359	3.15888	3.10685	3.17917	3.13114	3.15500	3.13046	3.18590	3.24284	3.13170
0.0016681	3.08883	3.00251	3.17514	3.10384	3.02141	3.17269	3.07097	3.14209	3.05463	3.06553	3.09117	3.05485	3.15966	3.19462	3.02914	3.13315	3.05103	3.07724	3.10962	3.05491	3.09229	3.08577	3.09762	3.05054	3.09581	3.10340	3.05673	3.03425	3.12858	3.05009	3.16160	3.14669	3.07536	3.02937	3.13920	3.08575	3.09874	3.03528	3.09754	3.11153	3.06850	3.04239	3.06061	3.19794	3.08124	3.03029	3.10089	3.05118	3.07064	3.05580	3.10931	3.15073	3.05913
0.0018738	3.00857	2.93276	3.08438	3.02199	2.94709	3.07823	2.99092	3.04673	2.97653	2.98915	3.00812	2.97958	3.07279	3.10144	2.95649	3.05207	2.97294	2.99971	3.03294	2.97917	3.01919	3.00916	3.01605	2.97602	3.01331	3.02567	2.98298	2.95969	3.04691	2.97363	3.06313	3.05900	2.99659	2.95537	3.05804	3.00539	3.01972	2.95885	3.01725	3.02778	2.98442	2.96922	2.98266	3.10191	3.00295	2.95576	3.02233	2.97329	2.98680	2.98163	3.03114	3.05961	2.98720
0.0021049	2.93117	2.86666	2.99568	2.94263	2.87736	2.98663	2.91420	2.95664	2.90249	2.91595	2.92816	2.90758	2.98762	3.00953	2.88741	2.97121	2.89874	2.92462	2.95781	2.90704	2.94724	2.93488	2.93733	2.90503	2.93349	2.94898	2.91204	2.88907	2.96603	2.90062	2.96859	2.97355	2.92070	2.88550	2.97667	2.92795	2.94270	2.88690	2.93897	2.94700	2.90475	2.89918	2.90851	3.00803	2.92702	2.88534	2.94574	2.89996	2.90724	2.91042	2.95373	2.97190	2.91780
0.0023645	2.85827	2.80552	2.91103	2.86771	2.81300	2.90015	2.84259	2.87370	2.83407	2.84732	2.85367	2.84014	2.90581	2.92097	2.82304	2.89260	2.83012	2.85354	2.88548	2.83964	2.87766	2.86434	2.86329	2.83854	2.85862	2.87530	2.84507	2.82358	2.88787	2.83255	2.88118	2.89205	2.84963	2.82073	2.89724	2.85545	2.86953	2.82060	2.86474	2.87114	2.83176	2.83363	2.83956	2.91837	2.85541	2.82006	2.87240	2.83232	2.83429	2.84354	2.87865	2.88917	2.85175
0.0026561	2.79032	2.74944	2.83121	2.79783	2.75389	2.81995	2.77661	2.79839	2.77141	2.78332	2.78541	2.77740	2.82799	2.83706	2.76356	2.81733	2.76734	2.78692	2.81589	2.77701	2.81041	2.79769	2.79448	2.77651	2.78947	2.80540	2.78212	2.76335	2.81340	2.76973	2.80224	2.81544	2.78394	2.76106	2.82097	2.78843	2.80070	2.75994	2.79523	2.80067	2.76597	2.77281	2.77600	2.83418	2.78874	2.75998	2.80257	2.77033	2.76854	2.78114	2.80669	2.81198	2.78879
0.0029836	2.72677	2.69756	2.75597	2.73243	2.69933	2.74598	2.71573	2.72998	2.71356	2.72301	2.72268	2.71854	2.75394	2.75836	2.70822	2.74580	2.70954	2.72432	2.74806	2.71822	2.74452	2.73401	2.73027	2.71809	2.72547	2.73896	2.72235	2.70760	2.74285	2.71150	2.73139	2.74379	2.72288	2.70574	2.74827	2.72611	2.73550	2.70410	2.73003	2.73477	2.70648	2.71589	2.71699	2.75584	2.72636	2.70437	2.73595	2.71303	2.70907	2.72223	2.73810	2.74019	2.72791
0.0033516	2.66644	2.64821	2.68466	2.67027	2.64812	2.67738	2.65872	2.66702	2.65872	2.66492	2.66382	2.66209	2.68320	2.68486	2.65547	2.67793	2.65515	2.66477	2.68114	2.66179	2.67917	2.67210	2.66921	2.66186	2.66525	2.67496	2.66451	2.65477	2.67603	2.65651	2.66712	2.67654	2.66475	2.65332	2.67923	2.66683	2.67272	2.65161	2.66817	2.67194	2.65165	2.66111	2.66093	2.68308	2.66679	2.65192	2.67213	2.65870	2.65409	2.66512	2.67291	2.67337	2.66814
0.0037649	2.60811	2.59921	2.61701	2.61011	2.59835	2.61297	2.60401	2.60800	2.60469	2.60782	2.60680	2.60649	2.61590	2.61637	2.60316	2.61347	2.60225	2.60734	2.61553	2.60639	2.61469	2.61128	2.60974	2.60641	2.60737	2.61256	2.60765	2.60260	2.61256	2.60307	2.60766	2.61283	2.60763	2.60177	2.61385	2.60871	2.61147	2.60044	2.60882	2.61093	2.59947	2.60635	2.60591	2.61542	2.60850	2.60079	2.61093	2.60506	2.60152	2.60821	2.61109	2.61109	2.60941
0.0042292	2.55101	2.54844	2.55357	2.55139	2.54762	2.55191	2.55018	2.55190	2.54980	2.55131	2.55020	2.55087	2.55264	2.55273	2.54942	2.55218	2.54923	2.55148	2.55266	2.55167	2.55246	2.55181	2.55113	2.55096	2.55090	2.55187	2.55162	2.54908	2.55208	2.54974	2.55168	2.55203	2.55055	2.54917	2.55216	2.55084	2.55171	2.54836	2.55173	2.55149	2.54782	2.55037	2.55049	2.55245	2.55077	2.54903	2.55217	2.55021	2.54971	2.55094	2.55238	2.55284	2.55260
0.0047508	2.49522	2.49236	2.49807	2.49446	2.49467	2.49404	2.49634	2.49845	2.49427	2.49585	2.49415	2.49542	2.49381	2.49379	2.49439	2.49413	2.49572	2.49704	2.49379	2.49839	2.49381	2.49448	2.49400	2.49564	2.49575	2.49387	2.49683	2.49418	2.49445	2.49606	2.49853	2.49413	2.49421	2.49506	2.49417	2.49395	2.49420	2.49455	2.49717	2.49424	2.49531	2.49410	2.49476	2.49390	2.49421	2.49565	2.49551	2.49436	2.49836	2.49429	2.49612	2.49768	2.49865
0.0053367	2.44162	2.43687	2.44637	2.44033	2.44119	2.43980	2.44275	2.44796	2.44027	2.44215	2.44022	2.44139	2.43948	2.43942	2.44043	2.43979	2.44282	2.44392	2.43941	2.44738	2.43944	2.44025	2.43982	2.44156	2.44241	2.43961	2.44358	2.44032	2.44014	2.44287	2.44666	2.43979	2.44028	2.44128	2.44000	2.43981	2.43996	2.44087	2.44563	2.44012	2.44244	2.43995	2.44056	2.43966	2.44023	2.44190	2.44119	2.44010	2.44792	2.44010	2.44197	2.44394	2.44805
0.0059948	2.39158	2.38625	2.39690	2.39033	2.39074	2.39001	2.39171	2.40106	2.39023	2.39163	2.39028	2.39089	2.38986	2.38981	2.39031	2.38999	2.39248	2.39295	2.38981	2.39853	2.38981	2.39028	2.39000	2.39095	2.39205	2.38991	2.39278	2.39028	2.39017	2.39218	2.39391	2.38997	2.39037	2.39081	2.39021	2.39000	2.39009	2.39055	2.39797	2.39023	2.39184	2.39005	2.39033	2.39000	2.39032	2.39109	2.39072	2.39007	2.39662	2.39014	2.39122	2.39224	2.40109
0.0067342	2.34694	2.34126	2.35261	2.34593	2.34604	2.34581	2.34639	2.35866	2.34587	2.34649	2.34592	2.34611	2.34577	2.34575	2.34589	2.34580	2.34710	2.34702	2.34575	2.35157	2.34575	2.34591	2.34580	2.34611	2.34680	2.34578	2.34701	2.34590	2.34586	2.34675	2.34677	2.34579	2.34598	2.34608	2.34592	2.34580	2.34584	2.34597	2.35651	2.34590	2.34658	2.34581	2.34589	2.34584	2.34595	2.34614	2.34603	2.34580	2.34799	2.34584	2.34621	2.34645	2.35827
0.0075646	2.30919	2.30424	2.31413	2.30847	2.30849	2.30844	2.30857	2.31822	2.30845	2.30862	2.30847	2.30851	2.30843	2.30843	2.30846	2.30844	2.30889	2.30874	2.30843	2.31038	2.30843	2.30847	2.30844	2.30850	2.30874	2.30844	2.30877	2.30846	2.30845	2.30870	2.30858	2.30843	2.30849	2.30850	2.30848	2.30844	2.30845	2.30847	2.31918	2.30847	2.30865	2.30844	2.30845	2.30846	2.30848	2.30851	2.30849	2.30843	2.30884	2.30845	2.30853	2.30855	2.31987
0.0084975	2.27907	2.27718	2.28095	2.27887	2.27887	2.27886	2.27888	2.28066	2.27886	2.27889	2.27887	2.27887	2.27886	2.27886	2.27886	2.27886	2.27897	2.27891	2.27886	2.27921	2.27886	2.27886	2.27886	2.27887	2.27892	2.27886	2.27892	2.27886	2.27886	2.27891	2.27887	2.27886	2.27887	2.27887	2.27887	2.27886	2.27886	2.27886	2.27974	2.27886	2.27890	2.27886	2.27886	2.27886	2.27887	2.27887	2.27887	2.27886	2.27891	2.27886	2.27887	2.27887	2.28552
0.0095455	2.25734	2.25684	2.25784	2.25730	2.25730	2.25730	2.25730	2.25744	2.25730	2.25730	2.25730	2.25730	2.25730	2.25730	2.25730	2.25730	2.25732	2.25730	2.25730	2.25734	2.25730	2.25730	2.25730	2.25730	2.25731	2.25730	2.25731	2.25730	2.25730	2.25730	2.25730	2.25730	2.25730	2.25730	2.25730	2.25730	2.25730	2.25730	2.25735	2.25730	2.25730	2.25730	2.25730	2.25730	2.25730	2.25730	2.25730	2.25730	2.25730	2.25730	2.25730	2.25730	2.25912
0.0107227	2.24331	2.24323	2.24339	2.24330	2.24330	2.24330	2.24330	2.24331	2.24330	2.24330	2.24330	2.24330	2.24330	2.24330	2.24330	2.24330	2.24330	2.24330	2.24330	2.24331	2.24330	2.24330	2.24330	2.24330	2.24330	2.24330	2.24330	2.24330	2.24330	2.24330	2.24330	2.24330	2.24330	2.24330	2.24330	2.24330	2.24330	2.24330	2.24330	2.24330	2.24330	2.24330	2.24330	2.24330	2.24330	2.24330	2.24330	2.24330	2.24330	2.24330	2.24330	2.24330	2.24358
0.0120450	2.23618	2.23617	2.23619	2.23618	2.23618	2.23618	2.23618	2.23618	2.23617	2.23618	2.23618	2.23618	2.23618	2.23618	2.23618	2.23618	2.23618	2.23618	2.23618	2.23618	2.23618	2.23618	2.23618	2.23618	2.23618	2.23618	2.23618	2.23618	2.23618	2.23618	2.23618	2.23618	2.23618	2.23618	2.23618	2.23618	2.23618	2.23618	2.23618	2.23618	2.23618	2.23618	2.23618	2.23618	2.23618	2.23618	2.23618	2.23618	2.23618	2.23618	2.23618	2.23618	2.23621
0.0135305	2.23537	2.23537	2.23537	2.23537	2.23537	2.23537	2.23537	2.23537	2.23537	2.23537	2.23537	2.23537	2.23537	2.23537	2.23537	2.23537	2.23537	2.23537	2.23537	2.23537	2.23537	2.23537	2.23537	2.23537	2.23537	2.23537	2.23537	2.23537	2.23537	2.23537	2.23537	2.23537	2.23537	2.23537	2.23537	2.23537	2.23537	2.23537	2.23537	2.23537	2.23537	2.23537	2.23537	2.23537	2.23537	2.23537	2.23537	2.23537	2.23537	2.23537	2.23537	2.23537	2.23537
0.0151991	2.24075	2.24075	2.24075	2.24075	2.24075	2.24075	2.24075	2.24075	2.24075	2.24075	2.24075	2.24075	2.24075	2.24075	2.24075	2.24075	2.24075	2.24075	2.24075	2.24075	2.24075	2.24075	2.24075	2.24075	2.24075	2.24075	2.24075	2.24075	2.24075	2.24075	2.24075	2.24075	2.24075	2.24075	2.24075	2.24075	2.24075	2.24075	2.24075	2.24075	2.24075	2.24075	2.24075	2.24075	2.24075	2.24075	2.24075	2.24075	2.24075	2.24075	2.24075	2.24075	2.24075
0.0170735	2.25284	2.25284	2.25284	2.25284	2.25284	2.25284	2.25284	2.25284	2.25284	2.25284	2.25284	2.25284	2.25284	2.25284	2.25284	2.25284	2.25284	2.25284	2.25284	2.25284	2.25284	2.25284	2.25284	2.25284	2.25284	2.25284	2.25284	2.25284	2.25284	2.25284	2.25284	2.25284	2.25284	2.25284	2.25284	2.25284	2.25284	2.25284	2.25284	2.25284	2.25284	2.25284	2.25284	2.25284	2.25284	2.25284	2.25284	2.25284	2.25284	2.25284	2.25284	2.25284	2.25284
0.0191791	2.27320	2.27320	2.27320	2.27320	2.27320	2.27320	2.27320	2.27320	2.27320	2.27320	2.27320	2.27320	2.27320	2.27320	2.27320	2.27320	2.27320	2.27320	2.27320	2.27320	2.27320	2.27320	2.27320	2.27320	2.27320	2.27320	2.27320	2.27320	2.27320	2.27320	2.27320	2.27320	2.27320	2.27320	2.27320	2.27320	2.27320	2.27320	2.27320	2.27320	2.27320	2.27320	2.27320	2.27320	2.27320	2.27320	2.27320	2.27320	2.27320	2.27320	2.27320	2.27320	2.27320
0.0215444	2.30531	2.30531	2.30531	2.30531	2.30531	2.30531	2.30531	2.30531	2.30531	2.30531	2.30531	2.30531	2.30531	2.30531	2.30531	2.30531	2.30531	2.30531	2.30531	2.30531	2.30531	2.30531	2.30531	2.30531	2.30531	2.30531	2.30531	2.30531	2.30531	2.30531	2.30531	2.30531	2.30531	2.30531	2.30531	2.30531	2.30531	2.30531	2.30531	2.30531	2.30531	2.30531	2.30531	2.30531	2.30531	2.30531	2.30531	2.30531	2.30531	2.30531	2.30531	2.30531	2.30531
0.0242013	2.35630	2.35627	2.35633	2.35630	2.35630	2.35630	2.35630	2.35630	2.35630	2.35630	2.35630	2.35630	2.35630	2.35630	2.35630	2.35630	2.35630	2.35630	2.35630	2.35630	2.35630	2.35630	2.35630	2.35630	2.35630	2.35630	2.35630	2.35630	2.35630	2.35630	2.35630	2.35630	2.35630	2.35630	2.35630	2.35630	2.35630	2.35630	2.35630	2.35630	2.35630	2.35630	2.35630	2.35630	2.35630	2.35630	2.35630	2.35630	2.35630	2.35630	2.35630	2.35630	2.35640
0.0271859	2.44125	2.44040	2.44210	2.44113	2.44122	2.44098	2.44131	2.44165	2.44094	2.44142	2.44122	2.44110	2.44102	2.44102	2.44098	2.44096	2.44210	2.44144	2.44120	2.44169	2.44094	2.44114	2.44099	2.44106	2.44166	2.44098	2.44162	2.44105	2.44096	2.44172	2.44099	2.44094	2.44132	2.44104	2.44135	2.44095	2.44096	2.44103	2.44153	2.44111	2.44351	2.44095	2.44095	2.44165	2.44134	2.44108	2.44105	2.44094	2.44120	2.44097	2.44104	2.44103	2.44199
0.0305386	2.46104	2.46104	2.46104	2.46104	2.46104	2.46104	2.46104	2.46104	2.46104	2.46104	2.46104	2.46104	2.46104	2.46104	2.46104	2.46104	2.46104	2.46104	2.46104	2.46104	2.46104	2.46104	2.46104	2.46104	2.46104	2.46104	2.46104	2.46104	2.46104	2.46104	2.46104	2.46104	2.46104	2.46104	2.46104	2.46104	2.46104	2.46104	2.46104	2.46104	2.46104	2.46104	2.46104	2.46104	2.46104	2.46104	2.46104	2.46104	2.46104	2.46104	2.46104	2.46104	2.46104
0.0343047	2.46104	2.46104	2.46104	2.46104	2.46104	2.46104	2.46104	2.46104	2.46104	2.46104	2.46104	2.46104	2.46104	2.46104	2.46104	2.46104	2.46104	2.46104	2.46104	2.46104	2.46104	2.46104	2.46104	2.46104	2.46104	2.46104	2.46104	2.46104	2.46104	2.46104	2.46104	2.46104	2.46104	2.46104	2.46104	2.46104	2.46104	2.46104	2.46104	2.46104	2.46104	2.46104	2.46104	2.46104	2.46104	2.46104	2.46104	2.46104	2.46104	2.46104	2.46104	2.46104	2.46104
0.0385353	2.46104	2.46104	2.46104	2.46104	2.46104	2.46104	2.46104	2.46104	2.46104	2.46104	2.46104	2.46104	2.46104	2.46104	2.46104	2.46104	2.46104	2.46104	2.46104	2.46104	2.46104	2.46104	2.46104	2.46104	2.46104	2.46104	2.46104	2.46104	2.46104	2.46104	2.46104	2.46104	2.46104	2.46104	2.46104	2.46104	2.46104	2.46104	2.46104	2.46104	2.46104	2.46104	2.46104	2.46104	2.46104	2.46104	2.46104	2.46104	2.46104	2.46104	2.46104	2.46104	2.46104
0.0432876	2.46104	2.46104	2.46104	2.46104	2.46104	2.46104	2.46104	2.46104	2.46104	2.46104	2.46104	2.46104	2.46104	2.46104	2.46104	2.46104	2.46104	2.46104	2.46104	2.46104	2.46104	2.46104	2.46104	2.46104	2.46104	2.46104	2.46104	2.46104	2.46104	2.46104	2.46104	2.46104	2.46104	2.46104	2.46104	2.46104	2.46104	2.46104	2.46104	2.46104	2.46104	2.46104	2.46104	2.46104	2.46104	2.46104	2.46104	2.46104	2.46104	2.46104	2.46104	2.46104	2.46104
0.0486260	2.46104	2.46104	2.46104	2.46104	2.46104	2.46104	2.46104	2.46104	2.46104	2.46104	2.46104	2.46104	2.46104	2.46104	2.46104	2.46104	2.46104	2.46104	2.46104	2.46104	2.46104	2.46104	2.46104	2.46104	2.46104	2.46104	2.46104	2.46104	2.46104	2.46104	2.46104	2.46104	2.46104	2.46104	2.46104	2.46104	2.46104	2.46104	2.46104	2.46104	2.46104	2.46104	2.46104	2.46104	2.46104	2.46104	2.46104	2.46104	2.46104	2.46104	2.46104	2.46104	2.46104
0.0546228	2.46104	2.46104	2.46104	2.46104	2.46104	2.46104	2.46104	2.46104	2.46104	2.46104	2.46104	2.46104	2.46104	2.46104	2.46104	2.46104	2.46104	2.46104	2.46104	2.46104	2.46104	2.46104	2.46104	2.46104	2.46104	2.46104	2.46104	2.46104	2.46104	2.46104	2.46104	2.46104	2.46104	2.46104	2.46104	2.46104	2.46104	2.46104	2.46104	2.46104	2.46104	2.46104	2.46104	2.46104	2.46104	2.46104	2.46104	2.46104	2.46104	2.46104	2.46104	2.46104	2.46104
0.0613591	2.46104	2.46104	2.46104	2.46104	2.46104	2.46104	2.46104	2.46104	2.46104	2.46104	2.46104	2.46104	2.46104	2.46104	2.46104	2.46104	2.46104	2.46104	2.46104	2.46104	2.46104	2.46104	2.46104	2.46104	2.46104	2.46104	2.46104	2.46104	2.46104	2.46104	2.46104	2.46104	2.46104	2.46104	2.46104	2.46104	2.46104	2.46104	2.46104	2.46104	2.46104	2.46104	2.46104	2.46104	2.46104	2.46104	2.46104	2.46104	2.46104	2.46104	2.46104	2.46104	2.46104
0.0689261	2.46104	2.46104	2.46104	2.46104	2.46104	2.46104	2.46104	2.46104	2.46104	2.46104	2.46104	2.46104	2.46104	2.46104	2.46104	2.46104	2.46104	2.46104	2.46104	2.46104	2.46104	2.46104	2.46104	2.46104	2.46104	2.46104	2.46104	2.46104	2.46104	2.46104	2.46104	2.46104	2.46104	2.46104	2.46104	2.46104	2.46104	2.46104	2.46104	2.46104	2.46104	2.46104	2.46104	2.46104	2.46104	2.46104	2.46104	2.46104	2.46104	2.46104	2.46104	2.46104	2.46104
0.0774264	2.46104	2.46104	2.46104	2.46104	2.46104	2.46104	2.46104	2.46104	2.46104	2.46104	2.46104	2.46104	2.46104	2.46104	2.46104	2.46104	2.46104	2.46104	2.46104	2.46104	2.46104	2.46104	2.46104	2.46104	2.46104	2.46104	2.46104	2.46104	2.46104	2.46104	2.46104	2.46104	2.46104	2.46104	2.46104	2.46104	2.46104	2.46104	2.46104	2.46104	2.46104	2.46104	2.46104	2.46104	2.46104	2.46104	2.46104	2.46104	2.46104	2.46104	2.46104	2.46104	2.46104
0.0869749	2.46104	2.46104	2.46104	2.46104	2.46104	2.46104	2.46104	2.46104	2.46104	2.46104	2.46104	2.46104	2.46104	2.46104	2.46104	2.46104	2.46104	2.46104	2.46104	2.46104	2.46104	2.46104	2.46104	2.46104	2.46104	2.46104	2.46104	2.46104	2.46104	2.46104	2.46104	2.46104	2.46104	2.46104	2.46104	2.46104	2.46104	2.46104	2.46104	2.46104	2.46104	2.46104	2.46104	2.46104	2.46104	2.46104	2.46104	2.46104	2.46104	2.46104	2.46104	2.46104	2.46104
0.0977010	2.46104	2.46104	2.46104	2.46104	2.46104	2.46104	2.46104	2.46104	2.46104	2.46104	2.46104	2.46104	2.46104	2.46104	2.46104	2.46104	2.46104	2.46104	2.46104	2.46104	2.46104	2.46104	2.46104	2.46104	2.46104	2.46104	2.46104	2.46104	2.46104	2.46104	2.46104	2.46104	2.46104	2.46104	2.46104	2.46104	2.46104	2.46104	2.46104	2.46104	2.46104	2.46104	2.46104	2.46104	2.46104	2.46104	2.46104	2.46104	2.46104	2.46104	2.46104	2.46104	2.46104
0.1097499	2.46104	2.46104	2.46104	2.46104	2.46104	2.46104	2.46104	2.46104	2.46104	2.46104	2.46104	2.46104	2.46104	2.46104	2.46104	2.46104	2.46104	2.46104	2.46104	2.46104	2.46104	2.46104	2.46104	2.46104	2.46104	2.46104	2.46104	2.46104	2.46104	2.46104	2.46104	2.46104	2.46104	2.46104	2.46104	2.46104	2.46104	2.46104	2.46104	2.46104	2.46104	2.46104	2.46104	2.46104	2.46104	2.46104	2.46104	2.46104	2.46104	2.46104	2.46104	2.46104	2.46104
0.1232847	2.46104	2.46104	2.46104	2.46104	2.46104	2.46104	2.46104	2.46104	2.46104	2.46104	2.46104	2.46104	2.46104	2.46104	2.46104	2.46104	2.46104	2.46104	2.46104	2.46104	2.46104	2.46104	2.46104	2.46104	2.46104	2.46104	2.46104	2.46104	2.46104	2.46104	2.46104	2.46104	2.46104	2.46104	2.46104	2.46104	2.46104	2.46104	2.46104	2.46104	2.46104	2.46104	2.46104	2.46104	2.46104	2.46104	2.46104	2.46104	2.46104	2.46104	2.46104	2.46104	2.46104
0.1384886	2.46104	2.46104	2.46104	2.46104	2.46104	2.46104	2.46104	2.46104	2.46104	2.46104	2.46104	2.46104	2.46104	2.46104	2.46104	2.46104	2.46104	2.46104	2.46104	2.46104	2.46104	2.46104	2.46104	2.46104	2.46104	2.46104	2.46104	2.46104	2.46104	2.46104	2.46104	2.46104	2.46104	2.46104	2.46104	2.46104	2.46104	2.46104	2.46104	2.46104	2.46104	2.46104	2.46104	2.46104	2.46104	2.46104	2.46104	2.46104	2.46104	2.46104	2.46104	2.46104	2.46104
0.1555676	2.46104	2.46104	2.46104	2.46104	2.46104	2.46104	2.46104	2.46104	2.46104	2.46104	2.46104	2.46104	2.46104	2.46104	2.46104	2.46104	2.46104	2.46104	2.46104	2.46104	2.46104	2.46104	2.46104	2.46104	2.46104	2.46104	2.46104	2.46104	2.46104	2.46104	2.46104	2.46104	2.46104	2.46104	2.46104	2.46104	2.46104	2.46104	2.46104	2.46104	2.46104	2.46104	2.46104	2.46104	2.46104	2.46104	2.46104	2.46104	2.46104	2.46104	2.46104	2.46104	2.46104
0.1747529	2.46104	2.46104	2.46104	2.46104	2.46104	2.46104	2.46104	2.46104	2.46104	2.46104	2.46104	2.46104	2.46104	2.46104	2.46104	2.46104	2.46104	2.46104	2.46104	2.46104	2.46104	2.46104	2.46104	2.46104	2.46104	2.46104	2.46104	2.46104	2.46104	2.46104	2.46104	2.46104	2.46104	2.46104	2.46104	2.46104	2.46104	2.46104	2.46104	2.46104	2.46104	2.46104	2.46104	2.46104	2.46104	2.46104	2.46104	2.46104	2.46104	2.46104	2.46104	2.46104	2.46104
0.1963040	2.46104	2.46104	2.46104	2.46104	2.46104	2.46104	2.46104	2.46104	2.46104	2.46104	2.46104	2.46104	2.46104	2.46104	2.46104	2.46104	2.46104	2.46104	2.46104	2.46104	2.46104	2.46104	2.46104	2.46104	2.46104	2.46104	2.46104	2.46104	2.46104	2.46104	2.46104	2.46104	2.46104	2.46104	2.46104	2.46104	2.46104	2.46104	2.46104	2.46104	2.46104	2.46104	2.46104	2.46104	2.46104	2.46104	2.46104	2.46104	2.46104	2.46104	2.46104	2.46104	2.46104
0.2205130	2.46104	2.46104	2.46104	2.46104	2.46104	2.46104	2.46104	2.46104	2.46104	2.46104	2.46104	2.46104	2.46104	2.46104	2.46104	2.46104	2.46104	2.46104	2.46104	2.46104	2.46104	2.46104	2.46104	2.46104	2.46104	2.46104	2.46104	2.46104	2.46104	2.46104	2.46104	2.46104	2.46104	2.46104	2.46104	2.46104	2.46104	2.46104	2.46104	2.46104	2.46104	2.46104	2.46104	2.46104	2.46104	2.46104	2.46104	2.46104	2.46104	2.46104	2.46104	2.46104	2.46104
0.2477076	2.46104	2.46104	2.46104	2.46104	2.46104	2.46104	2.46104	2.46104	2.46104	2.46104	2.46104	2.46104	2.46104	2.46104	2.46104	2.46104	2.46104	2.46104	2.46104	2.46104	2.46104	2.46104	2.46104	2.46104	2.46104	2.46104	2.46104	2.46104	2.46104	2.46104	2.46104	2.46104	2.46104	2.46104	2.46104	2.46104	2.46104	2.46104	2.46104	2.46104	2.46104	2.46104	2.46104	2.46104	2.46104	2.46104	2.46104	2.46104	2.46104	2.46104	2.46104	2.46104	2.46104
0.2782559	2.46104	2.46104	2.46104	2.46104	2.46104	2.46104	2.46104	2.46104	2.46104	2.46104	2.46104	2.46104	2.46104	2.46104	2.46104	2.46104	2.46104	2.46104	2.46104	2.46104	2.46104	2.46104	2.46104	2.46104	2.46104	2.46104	2.46104	2.46104	2.46104	2.46104	2.46104	2.46104	2.46104	2.46104	2.46104	2.46104	2.46104	2.46104	2.46104	2.46104	2.46104	2.46104	2.46104	2.46104	2.46104	2.46104	2.46104	2.46104	2.46104	2.46104	2.46104	2.46104	2.46104
0.3125716	2.46104	2.46104	2.46104	2.46104	2.46104	2.46104	2.46104	2.46104	2.46104	2.46104	2.46104	2.46104	2.46104	2.46104	2.46104	2.46104	2.46104	2.46104	2.46104	2.46104	2.46104	2.46104	2.46104	2.46104	2.46104	2.46104	2.46104	2.46104	2.46104	2.46104	2.46104	2.46104	2.46104	2.46104	2.46104	2.46104	2.46104	2.46104	2.46104	2.46104	2.46104	2.46104	2.46104	2.46104	2.46104	2.46104	2.46104	2.46104	2.46104	2.46104	2.46104	2.46104	2.46104
0.3511193	2.46104	2.46104	2.46104	2.46104	2.46104	2.46104	2.46104	2.46104	2.46104	2.46104	2.46104	2.46104	2.46104	2.46104	2.46104	2.46104	2.46104	2.46104	2.46104	2.46104	2.46104	2.46104	2.46104	2.46104	2.46104	2.46104	2.46104	2.46104	2.46104	2.46104	2.46104	2.46104	2.46104	2.46104	2.46104	2.46104	2.46104	2.46104	2.46104	2.46104	2.46104	2.46104	2.46104	2.46104	2.46104	2.46104	2.46104	2.46104	2.46104	2.46104	2.46104	2.46104	2.46104
0.3944205	2.46104	2.46104	2.46104	2.46104	2.46104	2.46104	2.46104	2.46104	2.46104	2.46104	2.46104	2.46104	2.46104	2.46104	2.46104	2.46104	2.46104	2.46104	2.46104	2.46104	2.46104	2.46104	2.46104	2.46104	2.46104	2.46104	2.46104	2.46104	2.46104	2.46104	2.46104	2.46104	2.46104	2.46104	2.46104	2.46104	2.46104	2.46104	2.46104	2.46104	2.46104	2.46104	2.46104	2.46104	2.46104	2.46104	2.46104	2.46104	2.46104	2.46104	2.46104	2.46104	2.46104
0.4430621	2.46104	2.46104	2.46104	2.46104	2.46104	2.46104	2.46104	2.46104	2.46104	2.46104	2.46104	2.46104	2.46104	2.46104	2.46104	2.46104	2.46104	2.46104	2.46104	2.46104	2.46104	2.46104	2.46104	2.46104	2.46104	2.46104	2.46104	2.46104	2.46104	2.46104	2.46104	2.46104	2.46104	2.46104	2.46104	2.46104	2.46104	2.46104	2.46104	2.46104	2.46104	2.46104	2.46104	2.46104	2.46104	2.46104	2.46104	2.46104	2.46104	2.46104	2.46104	2.46104	2.46104
0.4977023	2.46104	2.46104	2.46104	2.46104	2.46104	2.46104	2.46104	2.46104	2.46104	2.46104	2.46104	2.46104	2.46104	2.46104	2.46104	2.46104	2.46104	2.46104	2.46104	2.46104	2.46104	2.46104	2.46104	2.46104	2.46104	2.46104	2.46104	2.46104	2.46104	2.46104	2.46104	2.46104	2.46104	2.46104	2.46104	2.46104	2.46104	2.46104	2.46104	2.46104	2.46104	2.46104	2.46104	2.46104	2.46104	2.46104	2.46104	2.46104	2.46104	2.46104	2.46104	2.46104	2.46104
0.5590811	2.46104	2.46104	2.46104	2.46104	2.46104	2.46104	2.46104	2.46104	2.46104	2.46104	2.46104	2.46104	2.46104	2.46104	2.46104	2.46104	2.46104	2.46104	2.46104	2.46104	2.46104	2.46104	2.46104	2.46104	2.46104	2.46104	2.46104	2.46104	2.46104	2.46104	2.46104	2.46104	2.46104	2.46104	2.46104	2.46104	2.46104	2.46104	2.46104	2.46104	2.46104	2.46104	2.46104	2.46104	2.46104	2.46104	2.46104	2.46104	2.46104	2.46104	2.46104	2.46104	2.46104
0.6280293	2.46104	2.46104	2.46104	2.46104	2.46104	2.46104	2.46104	2.46104	2.46104	2.46104	2.46104	2.46104	2.46104	2.46104	2.46104	2.46104	2.46104	2.46104	2.46104	2.46104	2.46104	2.46104	2.46104	2.46104	2.46104	2.46104	2.46104	2.46104	2.46104	2.46104	2.46104	2.46104	2.46104	2.46104	2.46104	2.46104	2.46104	2.46104	2.46104	2.46104	2.46104	2.46104	2.46104	2.46104	2.46104	2.46104	2.46104	2.46104	2.46104	2.46104	2.46104	2.46104	2.46104
0.7054805	2.46104	2.46104	2.46104	2.46104	2.46104	2.46104	2.46104	2.46104	2.46104	2.46104	2.46104	2.46104	2.46104	2.46104	2.46104	2.46104	2.46104	2.46104	2.46104	2.46104	2.46104	2.46104	2.46104	2.46104	2.46104	2.46104	2.46104	2.46104	2.46104	2.46104	2.46104	2.46104	2.46104	2.46104	2.46104	2.46104	2.46104	2.46104	2.46104	2.46104	2.46104	2.46104	2.46104	2.46104	2.46104	2.46104	2.46104	2.46104	2.46104	2.46104	2.46104	2.46104	2.46104
0.7924827	2.46104	2.46104	2.46104	2.46104	2.46104	2.46104	2.46104	2.46104	2.46104	2.46104	2.46104	2.46104	2.46104	2.46104	2.46104	2.46104	2.46104	2.46104	2.46104	2.46104	2.46104	2.46104	2.46104	2.46104	2.46104	2.46104	2.46104	2.46104	2.46104	2.46104	2.46104	2.46104	2.46104	2.46104	2.46104	2.46104	2.46104	2.46104	2.46104	2.46104	2.46104	2.46104	2.46104	2.46104	2.46104	2.46104	2.46104	2.46104	2.46104	2.46104	2.46104	2.46104	2.46104
0.8902149	2.46104	2.46104	2.46104	2.46104	2.46104	2.46104	2.46104	2.46104	2.46104	2.46104	2.46104	2.46104	2.46104	2.46104	2.46104	2.46104	2.46104	2.46104	2.46104	2.46104	2.46104	2.46104	2.46104	2.46104	2.46104	2.46104	2.46104	2.46104	2.46104	2.46104	2.46104	2.46104	2.46104	2.46104	2.46104	2.46104	2.46104	2.46104	2.46104	2.46104	2.46104	2.46104	2.46104	2.46104	2.46104	2.46104	2.46104	2.46104	2.46104	2.46104	2.46104	2.46104	2.46104
