eta	err
1e-07	0.0008652061579419032
1.0592537251772897e-07	0.0008652432590973425
1.122018454301963e-07	0.0008652825298585085
1.188502227437019e-07	0.0008653240953078435
1.2589254117941662e-07	0.0008653680875209987
1.333521432163324e-07	0.0008654146459314692
1.4125375446227555e-07	0.000865463917701067
1.4962356560944328e-07	0.0008655160581241328
1.584893192461114e-07	0.0008655712310498484
1.6788040181225588e-07	0.0008656296093006199
1.7782794100389227e-07	0.0008656913750935953
1.883649089489802e-07	0.0008657567205408953
1.9952623149688787e-07	0.0008658258481069922
2.1134890398366478e-07	0.0008658989710918563
2.2387211385683377e-07	0.0008659763141497532
2.3713737056616554e-07	0.0008660581138155731
2.5118864315095823e-07	0.0008661446190123192
2.6607250597988083e-07	0.0008662360916266572
2.818382931264455e-07	0.0008663328070604181
2.9853826189179574e-07	0.0008664350547746632
3.162277660168379e-07	0.0008665431389004998
3.3496543915782793e-07	0.0008666573787685505
3.548133892335753e-07	0.000866778109541414
3.7583740428844433e-07	0.0008669056827437306
3.981071705534969e-07	0.0008670404668695647
4.2169650342858225e-07	0.0008671828479099844
4.466835921509635e-07	0.0008673332299389746
4.7315125896148026e-07	0.0008674920355985361
5.011872336272725e-07	0.0008676597065991739
5.308844442309879e-07	0.0008678367042127162
5.62341325190349e-07	0.0008680235096486478
5.956621435290109e-07	0.0008682206244207591
6.30957344480193e-07	0.0008684285706723785
6.683439175686149e-07	0.0008686478913397882
7.079457843841374e-07	0.0008688791503320114
7.498942093324558e-07	0.0008691229325153885
7.943282347242822e-07	0.0008693798436319759
8.413951416451948e-07	0.0008696505100410599
8.912509381337459e-07	0.0008699355783449411
9.440608762859226e-07	0.0008702357147832643
1e-06	0.0008705516044561894
1.0592537251772898e-06	0.0008708839503063754
1.122018454301963e-06	0.000871233471844173
1.1885022274370189e-06	0.0008716009036167315
1.2589254117941661e-06	0.0008719869932986182
1.333521432163324e-06	0.0008723924994737563
1.4125375446227554e-06	0.0008728181890669133
1.4962356560944329e-06	0.0008732648342683603
1.584893192461114e-06	0.0008737332090750635
1.678804018122559e-06	0.0008742240853001942
1.778279410038923e-06	0.0008747382280517694
1.883649089489802e-06	0.0008752763906552688
1.9952623149688787e-06	0.0008758393088855224
2.113489039836648e-06	0.0008764276946468349
2.2387211385683376e-06	0.0008770422288644462
2.3713737056616552e-06	0.0008776835536583146
2.5118864315095823e-06	0.0008783522637805515
2.6607250597988086e-06	0.0008790488972008537
2.818382931264455e-06	0.0008797739248760088
2.9853826189179572e-06	0.0008805277396633545
3.162277660168379e-06	0.0008813106443362736
3.3496543915782793e-06	0.0008821228387463577
3.548133892335753e-06	0.0008829644060717647
3.7583740428844434e-06	0.0008838352981481774
3.981071705534969e-06	0.000884735320000362
4.216965034285822e-06	0.000885664113485738
4.466835921509635e-06	0.0008866211400955062
4.731512589614803e-06	0.000887605663061732
5.011872336272725e-06	0.0008886167287059971
5.308844442309879e-06	0.0008896531471497729
5.623413251903491e-06	0.0008907134724694709
5.956621435290109e-06	0.0008917959823524559
6.30957344480193e-06	0.0008928986573163185
6.683439175686149e-06	0.0008940191596595383
7.079457843841373e-06	0.0008951548120832184
7.498942093324558e-06	0.0008963025762211424
7.943282347242822e-06	0.0008974590309390663
8.413951416451948e-06	0.0008986203506030272
8.91250938133746e-06	0.0008997822832163627
9.440608762859225e-06	0.0009009401283705755
1e-05	0.0009020887150283491
1.0592537251772897e-05	0.0009032223787878126
1.122018454301963e-05	0.0009043349386322433
1.188502227437019e-05	0.0009054196725912939
1.2589254117941661e-05	0.0009064692921238441
1.333521432163324e-05	0.0009074759144856581
1.4125375446227555e-05	0.000908431032532406
1.4962356560944327e-05	0.0009093254810238475
1.584893192461114e-05	0.0009101493984459969
1.6788040181225588e-05	0.0009108921831342385
1.778279410038923e-05	0.0009115424421492248
1.883649089489802e-05	0.0009120879311938304
1.9952623149688786e-05	0.0009125154834654384
2.1134890398366476e-05	0.0009128109249220325
2.238721138568338e-05	0.0009129589730013035
2.3713737056616554e-05	0.000912943115234961
2.5118864315095822e-05	0.0009127454634974249
2.6607250597988085e-05	0.0009123465787051287
2.818382931264455e-05	0.000911725259742406
2.985382618917957e-05	0.0009108582888794016
3.1622776601683795e-05	0.0009097201242648158
3.3496543915782794e-05	0.0009082825276707466
3.5481338923357534e-05	0.0009065141126460412
3.758374042884443e-05	0.0009043797944358154
3.9810717055349695e-05	0.0009018401175288649
4.216965034285822e-05	0.00089885043008741
4.466835921509635e-05	0.0008953598649090549
4.731512589614803e-05	0.00089131007412686
5.011872336272725e-05	0.0008866336472447155
5.308844442309879e-05	0.0008812521184511451
5.623413251903491e-05	0.0008750734350820735
5.9566214352901096e-05	0.0008679887115355215
6.309573444801929e-05	0.0008598680240443232
6.683439175686149e-05	0.0008505549012378323
7.079457843841373e-05	0.0008398590164462528
7.498942093324559e-05	0.0008275463629021206
7.943282347242822e-05	0.0008133258481226428
8.413951416451947e-05	0.0007968307038961433
8.912509381337459e-05	0.000777592248368011
9.440608762859227e-05	0.0007550021402673892
0.0001	0.0007282569655884639
0.00010592537251772886	0.0006962751916592795
0.0001122018454301963	0.0006575703842665765
0.00011885022274370189	0.0006100558819878295
0.00012589254117941674	0.000550751385202164
0.0001333521432163324	0.00047541643690966024
0.0001412537544622754	0.0003786899548565027
0.00014962356560944327	0.0002609666356756461
0.00015848931924611142	0.0002113006350473703
0.00016788040181225607	0.0004943568404116524
0.00017782794100389227	0.0012349750762105484
0.00018836490894898002	0.003468308469283163
0.00019952623149688788	0.1145643490050314
0.00021134890398366476	0.00610956746394374
0.000223872113856834	0.003571696872142379
0.00023713737056616554	0.0027516141417398836
0.00025118864315095795	0.002347262973045993
0.00026607250597988083	0.0021069916770680916
0.0002818382931264455	0.0019481171189830494
0.000298538261891796	0.0018355024885007424
0.00031622776601683794	0.001751680227958036
0.00033496543915782756	0.001686987389834231
0.0003548133892335753	0.0016356455075709404
0.0003758374042884443	0.0015939873597021943
0.00039810717055349735	0.0015595737179833213
0.00042169650342858224	0.0015307192160743865
0.00044668359215096305	0.0015062221139620533
0.0004731512589614803	0.0014852025116608158
0.0005011872336272725	0.0014670014246142029
0.0005308844442309885	0.00145111558832453
0.0005623413251903491	0.0014371540590940432
0.0005956621435290103	0.0014248085592686282
0.000630957344480193	0.0014138327438762708
0.0006683439175686149	0.0014040274073672233
0.000707945784384138	0.0013952297357831699
0.0007498942093324559	0.0013873053701632487
0.0007943282347242813	0.0013801424593325885
0.0008413951416451947	0.0013736471437624086
0.0008912509381337459	0.0013677400843438532
0.0009440608762859235	0.001362353764569558
0.001	0.001357430372350286
0.0010592537251772898	0.0013529201212525966
0.001122018454301963	0.0013487799083882336
0.001188502227437019	0.0013449722328054486
0.0012589254117941662	0.0013414643172382033
0.001333521432163324	0.0013382273900101572
0.0014125375446227555	0.0013352360940290444
0.0014962356560944327	0.0013324679974098517
0.001584893192461114	0.0013299031859095238
0.001678804018122559	0.0013275239216606958
0.0017782794100389228	0.0013253143559689507
0.0018836490894898021	0.0013232602864338204
0.001995262314968879	0.001321348950625662
0.0021134890398366475	0.0013195688500468998
0.0022387211385683377	0.0013179095993366857
0.0023713737056616554	0.0013163617965713827
0.002511886431509582	0.001314916911318037
0.0026607250597988083	0.001313567187652407
0.002818382931264455	0.0013123055598626473
0.002985382618917957	0.001311125578945283
0.0031622776601683794	0.0013100213483136132
0.0033496543915782794	0.0013089874673859587
0.0035481338923357532	0.0013080189819651372
0.003758374042884443	0.0013071113404580993
0.003981071705534969	0.0013062603551509796
0.004216965034285823	0.0013054621678697067
0.004466835921509635	0.0013047132194627914
0.0047315125896148025	0.0013040102225942928
0.005011872336272725	0.0013033501374692402
0.005308844442309879	0.0013027301500849536
0.005623413251903491	0.0013021476527441038
0.005956621435290109	0.0013016002265353545
0.00630957344480193	0.0013010856255516558
0.006683439175686149	0.001300601762671612
0.0070794578438413735	0.0013001466966800247
0.007498942093324558	0.0012997186206334347
0.00794328234724282	0.001299315851290617
0.008413951416451947	0.0012989368195207905
0.008912509381337459	0.0012985800615684545
0.009440608762859227	0.001298244211093512
0.01	0.001297927991909082
0.010592537251772897	0.0012976302113463945
0.01122018454301963	0.0012973497541681886
0.01188502227437019	0.0012970855770091424
0.012589254117941661	0.0012968367032569813
0.01333521432163324	0.0012966022183605599
0.014125375446227554	0.0012963812655017166
0.014962356560944329	0.0012961730416206699
0.01584893192461114	0.0012959767937467416
0.01678804018122559	0.0012957918156033907
0.01778279410038923	0.0012956174444857388
0.01883649089489802	0.0012954530583560219
0.01995262314968879	0.0012952980731730185
0.021134890398366475	0.001295151940396839
0.022387211385683378	0.0012950141446919357
0.023713737056616554	0.0012948842017817552
0.025118864315095822	0.0012947616564672455
0.026607250597988085	0.001294646080773502
0.02818382931264455	0.001294537072233151
0.02985382618917957	0.00129443425228331
0.03162277660168379	0.001294337264774173
0.033496543915782793	0.0012942457745776536
0.03548133892335753	0.0012941594662905123
0.03758374042884443	0.0012940780430202874
0.03981071705534969	0.0012940012252562342
0.042169650342858224	0.0012939287498101252
0.04466835921509635	0.0012938603688266415
0.04731512589614803	0.0012937958488596151
0.05011872336272725	0.0012937349700051577
0.05308844442309879	0.0012936775250910059
0.05623413251903491	0.0012936233189175094
0.059566214352901097	0.0012935721675434114
0.0630957344480193	0.0012935238976207065
0.06683439175686148	0.0012934783457699418
0.07079457843841373	0.00129343535798995
0.07498942093324558	0.001293394789107916
0.07943282347242822	0.0012933565022632363
0.08413951416451948	0.001293320368419685
0.08912509381337459	0.0012932862659102763
0.09440608762859226	0.001293254080008928
0.1	0.0012932237025279976
0.10592537251772897	0.0012931950314343111
0.1122018454301963	0.0012931679705023083
0.1188502227437019	0.001293142428971257
0.12589254117941662	0.0012931183212297611
0.1333521432163324	0.0012930955665314688
0.14125375446227553	0.0012930740886953288
0.1496235656094433	0.0012930538158622735
0.16788040181225589	0.0012930166178650273
0.1883649089489802	0.0012929834749025127
0.21134890398366477	0.0012929539439757102
0.23713737056616552	0.0012929276306816368
0.26607250597988086	0.0012929041838321766
0.2985382618917957	0.0012928832906989058
0.3548133892335753	0.0012928561383809566
0.4216965034285822	0.0012928332973496603
0.5308844442309879	0.001292808380867316
0.6683439175686149	0.0012927885927190921
0.9440608762859226	0.0012927662766822555
1.0	0.0012927632510014255
