I	POP	POPCI	NOPOP	NOPOPCI	POPS	POPCIS	NOPOPS	NOPOPCIS
0	-628.7233338	345.9818849	-665.5046692	506.3961257	292.0712349	473.5256694	266.6300878	620.0002181
10	-78.7556534	389.5267432	-93.5676743	877.4077585	620.6195218	492.0850715	578.922464	607.428182
20	-121.1080918	264.725635	137.8470642	450.7272391	847.0042714	527.7429391	847.2052452	538.7159433
30	783.3737579	764.968627	1017.456183	946.7788916	1100.825645	605.1574783	997.5389422	563.3554576
40	1087.843462	620.2983144	299.3292343	427.2328861	1392.694026	620.9872686	1187.293326	557.3206147
50	709.7972687	455.652812	904.2203888	511.4584073	1696.907428	626.9309312	1569.96916	659.3974222
60	1342.566388	457.3382976	1208.249588	430.9639095	2082.980274	697.1901206	1902.942867	722.9443627
70	1279.552844	603.4739489	1516.129013	465.1343262	2369.778249	718.6091638	2091.346191	811.8228165
80	1401.820152	729.2128701	1039.849246	598.5643249	2764.040413	785.6310308	2270.811262	898.7983992
90	2534.584041	859.9473685	2155.982483	910.5698341	3139.153306	818.9372879	2505.346843	962.8455366
100	2913.123877	655.9602902	2595.384241	1039.693731	3261.676868	766.0315258	2620.340145	949.5766058
110	3026.234344	877.2079482	2902.062628	892.7400504	3290.078076	808.4985169	2637.300907	897.8978684
120	3063.354236	585.852557	2338.669537	964.2346325	3279.701901	763.0156762	2724.626361	859.5405672
130	3645.12583	1005.605151	2592.919438	986.9878223	3329.612277	773.5003001	2852.723815	831.3678756
140	3652.497507	929.0504125	2447.062729	982.8471497	3336.30434	747.4210781	2855.655855	819.3284814
150	3269.725415	542.5127964	2845.942298	830.9562488	3178.6902	742.0922921	3003.59164	842.3504674
160	3083.531125	910.7622367	2697.14881	729.6213066	3119.313237	811.3527291	2857.285229	818.2609207
170	2963.97729	604.3109037	3426.015357	662.5962431	3120.51891	816.1582809	2861.310501	842.026702
180	3362.816492	648.7603007	3107.254257	795.198483	3250.137266	823.065292	2800.552332	881.5878198
190	3685.278211	849.1298184	2610.511682	914.7514569	3263.580045	857.5481059	2707.911406	898.9355185
200	2706.812665	897.0776966	3334.677435	1120.979066	3127.612314	851.6036391	2760.009295	869.4320939
210	2913.463641	958.0754188	1968.103833	686.4189685	3167.879162	838.1139443	2604.003596	818.285974
220	3090.765161	939.5955471	2721.300439	872.2159945	3184.461895	809.0262376	2794.933292	861.0366493
230	3741.687427	645.7529706	3061.466345	899.9629496	3346.361179	728.8853142	2695.088124	852.706116
240	3443.473166	855.6571837	2551.408704	899.2846754	3241.029929	751.2105556	2698.766474	860.7989594
250	2869.471826	813.4630179	2923.099011	737.7309097	3233.182466	736.9499113	2834.696426	855.0402219
260	2948.413748	816.1395275	2398.643243	814.1023461	3290.795985	722.0324235	2900.323222	849.3720059
270	3012.96004	783.549179	3113.682007	942.9230203	3315.442189	714.6424019	3020.910725	826.8989906
280	4062.160864	458.7500067	2122.229434	822.232795	3369.523786	760.2133149	3176.223136	836.0769821
290	3109.699927	779.7044189	3083.536444	948.5200097	3250.087954	832.9904785	3372.761749	858.9068149
300	3396.388391	770.093318	3366.988416	864.7322507	3342.966046	839.7400861	3446.805307	820.4041748
310	3215.152942	723.9580908	3316.85979	703.7216134	3457.118449	797.0670558	3405.259219	770.1293891
320	3096.290967	771.7993981	3122.168262	679.2642543	3604.545758	778.5160038	3437.485857	769.5967284
330	3337.449628	1056.974657	4045.55647	997.9909694	3772.400922	802.6668763	3493.062318	713.5832392
340	3345.545869	895.4129886	3301.461115	959.2117921	3809.899063	749.1586887	3416.932083	669.5997297
350	3666.968481	820.2020644	3527.79779	717.504169	3818.880107	731.9880649	3376.87575	654.0480785
360	4081.302808	514.0551363	3117.71189	563.0835365	3882.372636	717.0009612	3418.465362	645.1479661
370	4099.716797	612.6517784	3510.219617	700.5256494	3838.046033	743.5101605	3386.98144	660.2208208
380	4103.421948	916.7046335	3455.627026	343.1833187	3812.466785	757.6644572	3334.100629	646.5532937
390	3562.438477	735.9255309	3588.775061	734.0899126	3777.05399	770.5159781	3324.486383	737.6954732
400	3399.432129	792.3892458	3061.123117	865.9018847	3719.902297	799.706104	3233.233853	724.1894818
410	4047.923657	730.2794421	3777.335461	664.1034945	3713.954433	829.655014	3273.021078	724.5455684
420	3815.343188	673.1103324	2928.808356	653.5206645	3749.771464	825.5425906	3227.768403	769.1475176
430	3946.241309	697.5775588	3192.934753	618.5204871	3768.726743	821.3629984	3333.394589	826.0516472
440	3890.945178	993.8137584	3397.941547	890.0363954	3728.423915	824.9438301	3349.641429	888.9369624
450	3219.528323	911.0662863	3041.259882	653.0539646	3721.218023	762.0847357	3342.652693	857.9978734
460	3363.74494	972.0827057	3299.846472	868.0384044	3723.095139	775.1613994	3376.702468	859.9710356
470	4262.825842	705.6049017	3505.819406	931.7151894	3654.979526	746.3307596	3373.611697	840.6033414
480	3929.074866	648.0327796	3562.565475	994.945442	3732.169702	728.9127429	3202.246479	833.1101735
490	3704.424341	719.0625487	3290.415793	995.8323788	3626.655916	734.8267681	3313.502965	756.455848
500	3847.709827	616.6591923	3356.009131	704.4018611	3639.984606	731.1727494	3294.086191	756.204616
510	3230.791016	989.5262686	3245.558533	664.8929379	3616.215822	742.6285085	3228.778469	784.5714461
520	2955.051267	799.0988666	3281.301843	751.8322393	3677.731846	742.78752	3281.13232	769.5610643
530	4725.966894	601.0968014	2477.628098	886.7561822	3726.995202	742.4192809	3187.82673	763.7013964
540	3295.992151	683.5169312	4230.104395	535.019489	3481.607716	852.805134	3216.017029	740.8517735
550	3784.396484	697.1384363	3173.915146	994.3249869	3556.898998	892.1637208	3016.609411	784.1539281
560	3705.097119	685.3937468	2964.162799	874.6028415	3470.510783	926.0556595	2967.9624	794.0373721
570	3599.887158	990.4803377	3559.681641	574.8306471	3459.193441	911.0289089	2878.323976	773.9218673
580	3250.631406	796.8894318	2721.468304	716.674232	3435.365821	922.0768056	2767.90502	785.6367895
590	3253.641976	1263.41192	2646.769891	749.6584445	3447.711876	927.8585948	2851.884373	802.5888243
600	3747.739844	919.6684526	3033.658682	794.8324167	3517.065595	897.0173183	2892.014708	801.6305902
610	3266.067197	900.4900682	2882.033081	1053.625651	3495.562146	829.9917872	2915.974387	773.8026207
620	3637.193066	595.2332435	2426.332255	753.9098125	3624.909386	796.8392646	2944.340544	708.6922573
630	3456.921439	1056.767718	2897.167908	645.1201802	3595.415359	791.7228283	3036.685244	736.1024716
640	3324.707733	831.5801668	3225.344421	818.3864408	3683.664286	710.5230511	2980.580509	766.7033013
650	3669.764288	1078.364261	2887.551898	743.9090398	3762.814392	703.0578957	2939.430286	797.838581
660	3618.719153	517.5152656	3177.41676	627.8645999	3856.705612	663.8715063	2974.69652	787.2594748
670	4042.150635	701.5749329	3052.230023	662.9634704	3912.248719	747.4403589	3037.523105	761.4087282
680	3460.228906	564.5346256	2980.400453	918.3710986	3704.535654	788.0109334	2937.117304	798.4508846
690	3986.415002	569.5690546	2560.539497	828.7251583	3814.801623	823.1471772	2889.463922	789.1327719
700	3799.608368	786.7892343	2978.443082	1005.198119	3845.792608	835.0662291	2950.1992	815.0421881
710	4233.111609	843.245925	3099.149304	680.4344023	3854.064501	807.1672755	2975.15253	781.0135539
720	3951.977795	1018.928381	3554.37627	472.7601203	3715.399905	771.131293	2922.258151	786.1965431
730	2795.872241	944.9983798	2449.795216	885.2164092	3651.564492	779.223201	2736.630098	843.9781813
740	4121.824719	775.3520883	2694.480161	862.4624222	3830.03842	766.4457642	2800.93523	832.6160535
750	4172.360913	641.0833661	2924.951167	984.1816555	3851.386314	706.4586783	2886.318473	836.3142925
760	3849.239728	619.3955127	3128.163062	801.0263137	3749.130011	713.8354429	2997.132231	738.1718285
770	3401.124036	627.0300302	2781.783032	711.5323376	3685.746365	757.9323704	3104.876058	710.6498205
780	3568.965314	1067.479829	2440.607953	819.4499493	3657.601813	811.2244438	3217.817656	742.1318196
790	3866.715808	868.3337589	2835.626007	817.0436427	3698.652927	726.5834196	3271.825227	760.8053866
800	4249.912085	415.4295733	3206.779617	884.651856	3661.914082	673.9057152	3202.92416	737.5457503
810	3558.823096	685.3439534	3589.833716	395.3268715	3611.477626	719.8857416	3065.00801	742.1964793
820	3468.937854	883.9770776	3774.626025	635.894266	3669.127101	694.9138798	2999.232955	797.6959141
830	3232.25672	946.782471	3459.432617	900.4243323	3755.696011	655.3482392	2982.957473	873.4867736
840	3815.271997	559.6336835	2764.653381	931.491351	3945.950651	644.6687759	3005.249701	836.509231
850	3646.282739	552.2675325	2422.219601	677.4858252	3901.961068	639.579141	3070.410602	817.7750299
860	3947.293347	691.3097318	2379.282717	912.5562295	3872.659898	672.7948434	3359.077761	772.9881536
870	3904.719946	535.5127823	3195.183386	728.3234804	3924.207528	658.0158002	3520.712553	707.5399073
880	3988.351318	646.5832342	3676.973135	1090.639423	3931.206885	663.8956124	3530.683323	678.0598173
890	4373.784558	882.7056909	3593.185986	678.5590765	3967.792216	627.8877372	3382.675931	612.6056933
900	3551.334497	529.095874	3155.618783	819.0861446	3873.466334	622.8132188	3268.713653	630.6000379
910	3470.47572	751.5617472	4154.222559	408.7645671	3905.212367	613.4499315	3278.491164	564.7789206
920	4256.579126	602.6354726	3349.091467	519.8667518	3895.607559	649.5793411	3123.373185	622.3815356
930	3946.716089	570.7916557	3255.008008	551.4429408	3799.807485	714.1266736	3181.784804	696.3594295
940	4207.863306	430.5359827	2788.928784	697.914679	3827.488171	733.2767896	3133.50655	755.0020045
950	3807.829266	852.2585808	2909.412317	786.525144	3708.982422	771.7323655	3203.596535	784.4870089
960	3741.810693	472.91615	3214.28385	424.1594406	3689.213053	755.6271224	3262.433378	784.0793818
970	3412.846875	968.338205	3223.514685	754.3802571	3676.063643	826.3048656	3274.47076	874.0593671
980	3681.77868	989.9194675	3699.561182	963.7341152	3763.802565	778.9604191	3291.456119	913.9524038
990	4112.800207	685.692352	2965.33848	903.2983909	3804.814508	673.4808949	3087.403587	889.0615481
1000	3496.828809	661.2694378	3209.468695	874.8247053	3496.828809	661.2694378	3209.468695	874.8247053
