eta	x	y	err
1.e-9	-2907.016395680897	1559.9460239325626	5074.958193787766
1.2589254117941673e-9	-2309.2480443099316	1239.079844450273	4031.75589639437
1.5848931924611134e-9	-1834.423763318915	984.2067776217953	3203.1108541270887
1.99526231496888e-9	-1457.257429339711	781.7539038028577	2544.89469864841
2.5118864315095803e-9	-1157.6635604065223	620.9398695701238	2022.05502063807
3.1622776601683795e-9	-919.687690942154	493.20074141376494	1606.748701427079
3.981071705534972e-9	-730.6567383780119	391.73394509795895	1276.8591655556406
5.011872336272722e-9	-580.5041153516349	311.13600380768236	1014.8185925807782
6.309573444801933e-9	-461.2336472575721	247.11478332371664	806.6723666390624
7.943282347242815e-9	-366.4937468141115	196.26092023629522	641.3359423056767
1.e-8	-291.2391688936506	155.86626091890366	510.00455215550613
1.2589254117941673e-8	-231.46233283109643	123.77964247717958	405.68432080675143
1.5848931924611133e-8	-183.979904145426	98.29233548358886	322.8198155634888
1.9952623149688796e-8	-146.26327037407646	78.04704790642444	256.9981993728939
2.51188643150958e-8	-116.30388324094851	61.965644360944324	204.7142311646431
3.162277660168379e-8	-92.50629613792589	49.19173146946104	163.18359898448827
3.9810717055349716e-8	-73.60320077607008	39.045051791610014	130.19464523122323
5.011872336272722e-8	-58.58793839854057	30.98525763538439	103.99058782556254
6.309573444801932e-8	-46.660891531352824	24.583135572340773	83.17596515890865
7.943282347242814e-8	-37.186901437295234	19.49774925752154	66.64232267451285
1.e-7	-29.661443597197646	15.458283325931955	53.50918362057812
1.2589254117941672e-7	-23.683759939617804	12.24962148686942	43.07716045270862
1.5848931924611133e-7	-18.935517012222274	9.700890797048602	34.79070989694033
1.9952623149688798e-7	-15.163853564676833	7.676362053299423	28.20854824466632
2.51188643150958e-7	-12.16791476502561	6.068221717571392	22.9801513860437
3.162277660168379e-7	-9.788155947482903	4.790830452896026	18.827088122976694
3.981071705534972e-7	-7.8978462772065345	3.776162516412703	15.528192692529096
5.011872336272722e-7	-6.396319871221885	2.9701831405072565	12.907786883572657
6.309573444801932e-7	-5.203614973077102	2.32997098439968	10.826324531436763
7.943282347242815e-7	-4.256215697732295	1.8214324162353375	9.172960175785855
1.e-6	-3.5036695790707717	1.4174859028664113	7.859646135658953
1.2589254117941674e-6	-2.905900792103404	1.096619819458942	6.816443649392601
1.5848931924611137e-6	-2.4310759691513697	0.8417468770281817	5.987798380530515
1.99526231496888e-6	-2.0539089569367244	0.639294161991206	5.329581946828351
2.51188643150958e-6	-1.7543142367143127	0.4784803290248339	4.806741922985167
3.1622776601683796e-6	-1.5163372971567453	0.35074145511281263	4.391435171177702
3.9810717055349725e-6	-1.327304998448257	0.24927497941666146	4.061545092441587
5.0118723362727224e-6	-1.1771506813773196	0.16867744210524782	3.7995038371286727
6.309573444801933e-6	-1.0578780810263342	0.10465673041476233	3.5913567528525436
7.943282347242815e-6	-0.9631354965077343	0.053803507992438784	3.4260192483639202
0.00001	-0.8878775397324711	0.013409655303012358	3.29468649864767
0.000012589254117941673	-0.8280964500998736	-0.018675947612617438	3.190364555885649
0.000015848931924611134	-0.7806086666371465	-0.04416197612070168	3.1074978962348005
0.0000199526231496888	-0.7428852917779325	-0.06440565419082363	3.041673567929014
0.0000251188643150958	-0.712917418359931	-0.08048503152492865	2.9893861855134145
0.000031622776601683795	-0.6891091480162803	-0.09325639364064162	2.9478512552988647
0.00003981071705534972	-0.6701926038049578	-0.10339986220635282	2.9148568909390815
0.000050118723362727224	-0.6551604111967688	-0.11145561401410056	2.888646022448449
0.00006309573444801933	-0.6432120518009333	-0.11785264738563936	2.867822825867959
0.00007943282347242815	-0.6337112329885215	-0.12293162793248624	2.851278390628564
0.0001	-0.6261520032223787	-0.12696303029753037	2.8381316661450016
0.00012589254117941674	-0.6201318086614246	-0.13016154200406987	2.8276825428578722
0.00015848931924611134	-0.6153300562846291	-0.1326974964887128	2.8193745691610794
0.00019952623149688798	-0.6114910420685096	-0.13470594419883805	2.812765318822694
0.000251188643150958	-0.6084103352802296	-0.1362938448711208	2.8075028309633363
0.00031622776601683794	-0.6059238941149105	-0.13754576408130875	2.803306868104203
0.0003981071705534972	-0.6038993335427565	-0.13852837754610764	2.7999539944749183
0.0005011872336272722	-0.60222888113346	-0.13929402323545403	2.7972656803690836
0.0006309573444801933	-0.6008236469719463	-0.13988349075467574	2.795098799727697
0.0007943282347242815	-0.599608904477511	-0.14032819700927618	2.793338015962886
0.001	-0.5985201339018413	-0.1406518647519924	2.7918896521932837
0.0012589254117941673	-0.5974996226694907	-0.1408717945616894	2.7906767220575563
0.0015848931924611134	-0.5964934491541584	-0.14099979981520547	2.789634860552986
0.00199526231496888	-0.5954487012366563	-0.14104285730101992	2.788708944570227
0.0025118864315095803	-0.5943108002303809	-0.14100351258905625	2.787850233075131
0.0031622776601683794	-0.5930208167917986	-0.14088006869885683	2.7870138900211368
0.003981071705534972	-0.5915126810194257	-0.14066657889151477	2.7861567817822155
0.005011872336272723	-0.5897102077097621	-0.14035265980545972	2.7852354680728864
0.006309573444801933	-0.5875238846726544	-0.13992314037006373	2.78420433430348
0.007943282347242816	-0.5848474140450352	-0.1393575662351891	2.7830138481195865
0.01	-0.5815540631068893	-0.13862959079455042	2.7816089683137935
0.012589254117941673	-0.5774929843636775	-0.13770630491868205	2.7799277958089323
0.015848931924611134	-0.5724858189035772	-0.13654759146830792	2.777900639157956
0.0199526231496888	-0.5663241161480701	-0.13510564069261155	2.775449773680253
0.0251188643150958	-0.558768394483419	-0.13332483037290868	2.7724902998245358
0.0316227766016838	-0.5495500200000618	-0.13114225735422158	2.768932634328369
0.03981071705534972	-0.5383774461922359	-0.12848929326210437	2.764687254584646
0.05011872336272723	-0.5249486239454734	-0.12529459991858483	2.759672285027503
0.06309573444801933	-0.5089713585202429	-0.12148903146101152	2.7538242503887456
0.07943282347242815	-0.49019276985635546	-0.11701270146816273	2.747111696419462
0.1	-0.46843748858221296	-0.11182412907832186	2.739550320485205
0.12589254117941673	-0.44365161746995674	-0.10591075630118418	2.731216865748043
0.15848931924611134	-0.4159460511604194	-0.09929930782120665	2.7222577316825847
0.19952623149688797	-0.38562942172080467	-0.09206367040448611	2.7128878033520145
0.251188643150958	-0.35321938831346344	-0.08432759892440303	2.703376255206457
0.31622776601683794	-0.31942303141926204	-0.07626004347566513	2.694019384222748
0.3981071705534972	-0.28508353517117513	-0.06806242554901229	2.6851050532822045
0.5011872336272722	-0.25109975196707873	-0.05994943807694887	2.6768770597874605
0.6309573444801932	-0.21833403936684506	-0.052127044230127796	2.669508497943741
0.7943282347242815	-0.18752783592473915	-0.044772323148716583	2.6630901898861654
1.	-0.15924173622242566	-0.038019164556246814	2.657634958304549
1.2589254117941673	-0.13382871609058364	-0.03195187795234877	2.6530936246966417
1.5848931924611136	-0.11143952498059916	-0.026606481779736575	2.6493762708275055
1.9952623149688795	-0.0920520070727522	-0.021977705605381107	2.6463728336329644
2.51188643150958	-0.07551315115336574	-0.01802903122103387	2.643969359124486
3.1622776601683795	-0.06158359750372224	-0.014703320178387254	2.6420587133034457
3.9810717055349722	-0.049977437452191804	-0.011932317204419804	2.640546283021805
5.011872336272722	-0.04039366066340673	-0.009644159249722518	2.639351983146978
6.309573444801933	-0.03253842499521516	-0.007768693175800084	2.638409961496602
7.943282347242816	-0.026139070871569782	-0.006240822232817723	2.6376671134700316
10.	-0.020951589146803413	-0.00500228938960652	2.637081151854935
12.589254117941673	-0.01676338263217394	-0.0040023368990539125	2.6366186624021264
15.848931924611136	-0.013392939377872429	-0.0031976284546622502	2.6362533547118354
19.952623149688794	-0.010687680541775362	-0.0025517354675194752	2.6359645834175645
25.118864315095802	-0.008520886229312637	-0.002034403167624122	2.6357361428471884
31.622776601683796	-0.006788298756903143	-0.0016207396636370457	2.6355553058818213
39.81071705534972	-0.005404771446555302	-0.0012904158568392604	2.6354120672265386
50.11872336272722	-0.004301167703749306	-0.0010269251005281955	2.6352985516509055
63.095734448019336	-0.0034216067765643478	-0.0008169256241390007	2.6352085526048117
79.43282347242815	-0.0027210849742698245	-0.0006496725955482181	2.6351371726869246
100.	-0.0021634618245886944	-0.0005165373113173111	2.635080543237079