eta	mean	conf_05	conf_95	trace_00	trace_01	trace_02	trace_03	trace_04	trace_05	trace_06	trace_07	trace_08	trace_09	trace_10	trace_11	trace_12	trace_13	trace_14	trace_15	trace_16	trace_17	trace_18	trace_19	trace_20	trace_21	trace_22	trace_23	trace_24	trace_25	trace_26	trace_27	trace_28	trace_29	trace_30	trace_31	trace_32	trace_33	trace_34	trace_35	trace_36	trace_37	trace_38	trace_39	trace_40	trace_41	trace_42	trace_43	trace_44	trace_45	trace_46	trace_47	trace_48	trace_49
0.0000100	2.87488	2.58784	3.18302	2.78445	2.93817	1.86156	2.93194	2.80141	2.84897	2.99074	2.96499	3.06412	3.34722	2.75257	2.72434	3.27247	2.64008	3.02440	3.08246	2.89465	2.97677	3.42569	2.74450	2.41650	2.74874	3.02600	2.85158	3.14512	2.84078	2.98348	2.89510	2.57734	2.78540	3.30221	2.34884	2.73895	2.94818	2.83501	2.79980	3.17308	3.00273	2.62896	2.86111	3.00143	2.80478	2.77359	2.69368	3.03851	3.41879	3.04252	2.87839	2.58901	2.52293
0.0000112	2.87772	2.60035	3.17924	2.79454	2.95628	1.92448	2.94367	2.78719	2.83897	2.98162	2.96117	3.08135	3.35668	2.73829	2.72866	3.25649	2.64572	3.02380	3.09840	2.88546	2.98108	3.42214	2.74161	2.44189	2.74895	3.02472	2.84003	3.16554	2.83184	2.99940	2.88881	2.56231	2.81219	3.29473	2.28046	2.74918	2.95679	2.81702	2.81420	3.17065	3.02930	2.62377	2.87436	3.03149	2.82494	2.76279	2.69323	3.02443	3.43074	3.03703	2.86422	2.60458	2.53867
0.0000126	2.88249	2.59253	3.18224	2.79732	2.94157	1.94050	2.93653	2.80865	2.85301	2.98399	2.96787	3.08253	3.35842	2.76074	2.73488	3.27543	2.64577	3.02691	3.08854	2.89953	2.97655	3.43196	2.75264	2.37881	2.76571	3.03642	2.86730	3.15631	2.84944	2.98315	2.89606	2.57749	2.78951	3.31321	2.37574	2.75837	2.95160	2.81694	2.81345	3.17189	3.01448	2.63933	2.86755	3.02036	2.81214	2.78089	2.70035	3.04155	3.42490	3.04081	2.88406	2.59420	2.53918
0.0000142	2.89032	2.61124	3.18520	2.79860	2.96098	1.99169	2.94572	2.79466	2.85494	2.98575	2.97040	3.08444	3.35453	2.74701	2.74294	3.28059	2.65702	3.02662	3.10132	2.88982	2.99201	3.42503	2.75022	2.44176	2.77026	3.03288	2.88130	3.17460	2.84864	2.98543	2.88737	2.58462	2.82334	3.30066	2.40320	2.76286	2.96095	2.84241	2.82506	3.17030	3.02985	2.63474	2.88120	3.04809	2.83308	2.76957	2.71231	3.02714	3.43965	3.05095	2.87046	2.61420	2.55508
0.0000159	2.89625	2.61773	3.18846	2.80775	2.94774	2.02829	2.94622	2.81761	2.85796	2.99208	2.97528	3.08737	3.36039	2.77093	2.74875	3.28716	2.65892	3.03288	3.09767	2.89714	2.98901	3.43232	2.75454	2.46648	2.78240	3.03988	2.89762	3.15913	2.82975	3.00498	2.89457	2.59702	2.81656	3.31656	2.41421	2.76726	2.95775	2.82424	2.83066	3.17750	3.01675	2.64095	2.87650	3.05910	2.83671	2.78937	2.71420	3.04712	3.43673	3.05252	2.89213	2.62003	2.56392
0.0000179	2.90248	2.61631	3.19029	2.80862	2.95072	2.05981	2.95324	2.82295	2.84697	3.00827	2.98055	3.07422	3.37052	2.77710	2.75537	3.28570	2.67076	3.03627	3.09919	2.90849	2.99563	3.44713	2.76733	2.45875	2.79120	3.05898	2.90218	3.16602	2.86103	2.99263	2.90033	2.61712	2.81231	3.33327	2.44941	2.77006	2.96073	2.84774	2.83266	3.17969	3.02287	2.65793	2.88122	3.05206	2.82563	2.79435	2.72853	3.04997	3.43864	3.04702	2.89726	2.60899	2.56662
0.0000201	2.90772	2.62768	3.19370	2.81263	2.96992	2.13556	2.95848	2.81041	2.84760	3.01136	2.97722	3.07296	3.37332	2.76504	2.76186	3.29005	2.67844	3.03459	3.11046	2.91370	3.01192	3.44087	2.77236	2.48568	2.79922	3.05608	2.90787	3.18299	2.85650	2.99022	2.90524	2.62941	2.84452	3.31806	2.44552	2.76032	2.96893	2.83024	2.83830	3.17670	3.03728	2.66524	2.89496	3.06158	2.84698	2.78312	2.73095	3.03470	3.44442	3.06091	2.88402	2.61215	2.58515
0.0000226	2.91740	2.63891	3.19789	2.82574	2.97310	2.18441	2.96437	2.81901	2.86219	3.00675	2.98327	3.09367	3.37046	2.77441	2.77620	3.29056	2.68344	3.03923	3.11403	2.91479	3.02139	3.45116	2.77411	2.50656	2.81171	3.06522	2.89413	3.18329	2.86084	3.01186	2.90544	2.63680	2.84858	3.33127	2.46555	2.77115	2.97361	2.85534	2.85596	3.18760	3.04096	2.66524	2.90099	3.09481	2.85215	2.79213	2.74810	3.04102	3.44767	3.06925	2.89278	2.63915	2.59876
0.0000254	2.92384	2.64861	3.19718	2.83273	2.97758	2.23836	2.97281	2.82534	2.86802	3.01080	2.98734	3.09758	3.37390	2.78144	2.78584	3.28641	2.69250	3.04280	3.11985	2.91219	3.02979	3.45829	2.78074	2.49258	2.82410	3.07688	2.90861	3.18727	2.86907	2.99858	2.90891	2.64868	2.85841	3.34601	2.44057	2.77744	2.97772	2.86117	2.86379	3.18408	3.04514	2.67351	2.90785	3.10807	2.85952	2.79757	2.76118	3.04865	3.45756	3.07638	2.89806	2.64804	2.61254
0.0000285	2.93387	2.66639	3.20410	2.83641	2.98211	2.29956	2.97735	2.83527	2.86165	3.03057	2.99173	3.08557	3.38994	2.79161	2.79439	3.29662	2.71029	3.04839	3.12333	2.91785	3.03990	3.46508	2.79520	2.53208	2.83413	3.08715	2.92665	3.19382	2.87392	3.00360	2.91735	2.66964	2.86831	3.37042	2.52201	2.77706	2.98244	2.84664	2.86847	3.19228	3.02876	2.69339	2.91475	3.10527	2.86639	2.80633	2.76760	3.05319	3.46506	3.08163	2.90679	2.63713	2.62829
0.0000320	2.94574	2.68836	3.21497	2.84866	2.97144	2.34074	2.97578	2.85962	2.87692	3.02497	2.99692	3.10619	3.38480	2.81833	2.80961	3.32038	2.71602	3.05687	3.11906	2.92156	3.04089	3.47547	2.79686	2.55710	2.85068	3.09969	2.93770	3.20326	2.87120	3.02364	2.91916	2.69064	2.87672	3.36468	2.57750	2.80122	2.98182	2.85101	2.88521	3.19436	3.04760	2.69475	2.91326	3.14004	2.85810	2.82827	2.78214	3.07639	3.47033	3.08629	2.93031	2.66783	2.64494
0.0000359	2.95572	2.69172	3.21555	2.85620	2.97786	2.41501	2.98513	2.86966	2.86617	3.04716	3.00466	3.09353	3.40558	2.83011	2.82441	3.32543	2.73556	3.06373	3.12847	2.93414	3.05274	3.49835	2.80685	2.55570	2.86643	3.12563	2.94642	3.19702	2.89408	3.01331	2.92669	2.69541	2.87368	3.39448	2.59907	2.80896	2.98888	2.85976	2.89381	3.20334	3.03629	2.71855	2.92261	3.13780	2.86750	2.83792	2.79826	3.08420	3.47254	3.08996	2.94003	2.65850	2.65827
0.0000404	2.96898	2.72616	3.21958	2.86607	3.00031	2.50029	2.99486	2.86310	2.87805	3.05511	3.01444	3.09918	3.41000	2.84169	2.83953	3.33282	2.75067	3.06873	3.14422	2.94512	3.07424	3.50752	2.82604	2.59061	2.87905	3.14189	2.96162	3.20572	2.89981	3.01728	2.91932	2.73144	2.88418	3.40810	2.63736	2.80784	2.99513	2.88677	2.90691	3.20700	3.05782	2.73179	2.94120	3.15637	2.89355	2.83221	2.82102	3.07222	3.47427	3.09359	2.93337	2.67114	2.67864
0.0000453	2.98180	2.73484	3.23051	2.88133	3.00596	2.57310	3.01194	2.87695	2.88044	3.05494	3.01855	3.12074	3.40906	2.83918	2.85542	3.32681	2.75957	3.07189	3.15272	2.94821	3.08691	3.50881	2.83130	2.62005	2.89147	3.14451	2.97925	3.21981	2.89817	3.03819	2.92819	2.74778	2.89834	3.40831	2.67177	2.81829	3.00762	2.89376	2.92375	3.21063	3.06025	2.73780	2.95120	3.19556	2.90364	2.84463	2.83847	3.08521	3.48893	3.11016	2.94589	2.70657	2.70821
0.0000509	2.99668	2.75074	3.23153	2.89067	3.01396	2.64966	3.02237	2.89048	2.89979	3.06453	3.02771	3.12749	3.41760	2.85357	2.87384	3.34496	2.77672	3.08033	3.16227	2.95391	3.10088	3.52159	2.84408	2.65042	2.91574	3.17523	2.98101	3.21723	2.92604	3.04498	2.93740	2.75268	2.90705	3.42829	2.72387	2.82324	3.01645	2.90258	2.93887	3.21892	3.06594	2.75421	2.96260	3.21699	2.91546	2.85613	2.85919	3.09533	3.49418	3.12196	2.95900	2.72338	2.73328
0.0000572	3.01252	2.78458	3.23827	2.90346	3.00953	2.71265	3.02800	2.90452	2.89566	3.08686	3.03805	3.12108	3.43773	2.88485	2.88967	3.35546	2.80018	3.09138	3.17009	2.96861	3.10650	3.54902	2.86481	2.67874	2.93658	3.19512	3.01115	3.22525	2.93810	3.03870	2.94318	2.80752	2.92586	3.46019	2.78494	2.83378	3.02119	2.91358	2.95255	3.22226	3.07015	2.78135	2.96728	3.22480	2.92838	2.86836	2.87994	3.10454	3.51400	3.13269	2.97203	2.72152	2.75426
0.0000643	3.02910	2.81260	3.26856	2.91743	3.03182	2.79935	3.04389	2.92083	2.90467	3.08871	3.04776	3.14168	3.43691	2.88736	2.91502	3.35044	2.81407	3.09660	3.18101	2.97597	3.13107	3.55339	2.87346	2.71436	2.95156	3.20532	3.00796	3.25044	2.93928	3.05937	2.95511	2.82826	2.94185	3.46554	2.84116	2.85212	3.03551	2.92492	2.97232	3.22623	3.07538	2.79190	2.98811	3.25946	2.94210	2.88364	2.90246	3.11701	3.51652	3.15380	2.98720	2.76401	2.79069
0.0000722	3.04747	2.85555	3.29071	2.93344	3.04207	2.87932	3.05885	2.93799	2.92381	3.10352	3.05827	3.14978	3.44681	2.90739	2.93476	3.37062	2.83448	3.10584	3.19350	2.98374	3.14632	3.56857	2.88858	2.73806	2.96923	3.24257	3.03360	3.25572	2.96663	3.06777	2.96430	2.86324	2.96002	3.48566	2.89529	2.85789	3.04658	2.93725	2.98918	3.23056	3.08124	2.81348	3.00234	3.28184	2.95706	2.89805	2.92775	3.12904	3.53121	3.16651	3.00311	2.78885	2.82203
0.0000811	3.06689	2.88109	3.30116	2.95300	3.04352	2.94111	3.06833	2.96962	2.93429	3.11931	3.07376	3.14912	3.46984	2.94157	2.95936	3.36589	2.86455	3.12046	3.20269	2.99658	3.15568	3.60228	2.91454	2.76517	2.99461	3.26731	3.05851	3.26400	2.97586	3.06764	2.97105	2.90161	2.98886	3.51566	2.97467	2.88292	3.05731	2.93874	3.00858	3.23594	3.07570	2.84493	3.01270	3.29397	2.96293	2.92718	2.95099	3.15548	3.55569	3.17284	3.03170	2.79459	2.85175
0.0000911	3.08709	2.89397	3.33355	2.96824	3.06696	3.02406	3.08983	2.97813	2.93532	3.14453	3.08503	3.17073	3.47285	2.95124	2.98668	3.37994	2.88191	3.12835	3.22224	3.01039	3.18104	3.60818	2.92688	2.80649	3.01548	3.28234	3.06728	3.28605	2.99104	3.08021	2.98357	2.94013	2.99701	3.52604	3.03311	2.88811	3.07420	2.96896	3.03063	3.24654	3.09658	2.86145	3.03508	3.32839	2.99152	2.93408	2.98275	3.16118	3.56022	3.19182	3.04099	2.84625	2.89462
0.0001024	3.10891	2.92572	3.34393	2.98863	3.07107	3.08036	3.10181	3.00003	2.94787	3.16238	3.09913	3.17281	3.49453	2.98584	3.01104	3.39128	2.91206	3.14302	3.23542	3.01955	3.19003	3.64301	2.95283	2.88490	3.03695	3.30320	3.09141	3.31037	3.00446	3.09289	2.99226	2.96523	3.02588	3.56237	3.09938	2.90976	3.08757	2.98741	3.05111	3.24974	3.09524	2.89439	3.04791	3.33866	3.01039	2.95295	3.00959	3.17877	3.58670	3.22104	3.06886	2.85630	2.92724
0.0001150	3.13151	2.95709	3.37436	3.00577	3.09473	3.14014	3.12389	3.02291	2.95963	3.18178	3.11197	3.19388	3.49796	3.00038	3.03891	3.41368	2.93198	3.15198	3.25672	3.03760	3.21570	3.64981	2.97321	2.93418	3.05471	3.33216	3.10514	3.31928	3.04529	3.10684	3.00604	3.01883	3.03891	3.57470	3.14775	2.91669	3.10611	3.00769	3.07423	3.25875	3.11402	2.91462	3.07114	3.36999	3.03044	2.97314	3.04254	3.19852	3.59528	3.23914	3.08263	2.92175	2.97246
0.0001292	3.15609	2.98343	3.39436	3.02931	3.10401	3.19210	3.13937	3.05649	2.98142	3.19928	3.13166	3.20126	3.52721	3.03706	3.06699	3.41242	2.96437	3.17031	3.27871	3.05174	3.22569	3.68862	2.99093	2.98366	3.07692	3.37086	3.13107	3.34346	3.06058	3.13141	3.02038	3.06351	3.06303	3.60928	3.20233	2.93859	3.12577	3.02205	3.09832	3.27287	3.11573	2.95038	3.08857	3.39235	3.04525	3.00413	3.07279	3.22729	3.62532	3.25692	3.11221	2.94131	3.00904
0.0001451	3.18077	3.01349	3.40443	3.05103	3.12285	3.23730	3.16169	3.08198	2.99531	3.22473	3.14863	3.21777	3.54208	3.06477	3.09915	3.43160	2.99214	3.18495	3.30296	3.06561	3.24410	3.71457	3.01551	3.02668	3.09752	3.39109	3.15482	3.37709	3.08189	3.14383	3.03396	3.11085	3.08425	3.62881	3.26231	2.95509	3.14735	3.04896	3.12488	3.28446	3.12673	2.98034	3.11065	3.40141	3.06949	3.02745	3.10748	3.24948	3.64501	3.28796	3.13584	2.99221	3.05175
0.0001630	3.20834	3.04800	3.42839	3.07179	3.14277	3.27916	3.18960	3.10841	3.00985	3.25276	3.16327	3.23962	3.55638	3.08843	3.13317	3.44845	3.01834	3.19563	3.32919	3.08358	3.27014	3.72446	3.04175	3.08829	3.11675	3.41699	3.17311	3.39698	3.14008	3.16813	3.04870	3.16904	3.10199	3.63843	3.36969	2.96566	3.16878	3.07964	3.15281	3.29215	3.14425	3.00746	3.13461	3.42617	3.09479	3.05146	3.14179	3.27429	3.65551	3.31660	3.16027	3.07614	3.09949
0.0001831	3.23589	3.06895	3.45506	3.09811	3.16383	3.32349	3.21682	3.13289	3.02105	3.28429	3.18676	3.25555	3.56440	3.12439	3.16397	3.45491	3.05158	3.21645	3.36192	3.09788	3.27976	3.76445	3.06935	3.16134	3.13871	3.45642	3.19470	3.44051	3.16942	3.18896	3.06534	3.22633	3.12113	3.66780	3.42059	2.98595	3.19602	3.11657	3.18003	3.31300	3.15352	3.04358	3.15762	3.43217	3.12396	3.07347	3.17590	3.29998	3.68740	3.33477	3.18650	3.11505	3.13579
0.0002057	3.26598	3.09855	3.48006	3.12020	3.18734	3.35768	3.24997	3.16486	3.04014	3.31701	3.20250	3.27717	3.59548	3.15371	3.20566	3.47961	3.08194	3.22768	3.39270	3.11269	3.30580	3.77699	3.10004	3.22363	3.16181	3.48417	3.21101	3.47426	3.23086	3.21577	3.08513	3.27608	3.15059	3.67406	3.45772	3.00130	3.21887	3.14922	3.21594	3.33876	3.17131	3.07461	3.18134	3.45312	3.14851	3.10492	3.21397	3.32970	3.70463	3.38290	3.21382	3.21982	3.18211
0.0002310	3.29685	3.13033	3.52499	3.14730	3.21066	3.40816	3.29649	3.19539	3.05590	3.35857	3.23369	3.30155	3.61656	3.18810	3.23918	3.48878	3.11474	3.25211	3.43915	3.13452	3.31450	3.81884	3.13207	3.28085	3.18380	3.50808	3.23893	3.52221	3.26716	3.24741	3.10640	3.33857	3.17004	3.69047	3.55003	3.02049	3.25251	3.18723	3.24705	3.36369	3.18659	3.10985	3.20941	3.45399	3.17660	3.13422	3.24720	3.36399	3.70589	3.40252	3.24093	3.27623	3.21408
0.0002595	3.33188	3.15407	3.58396	3.17683	3.23363	3.45126	3.34395	3.22617	3.07379	3.39595	3.25436	3.32480	3.62155	3.22292	3.28463	3.53187	3.15021	3.26359	3.47556	3.15449	3.34097	3.82681	3.16522	3.33492	3.21355	3.53842	3.26389	3.58352	3.35929	3.28104	3.13097	3.40267	3.19944	3.71893	3.58792	3.03801	3.27535	3.22756	3.29114	3.39947	3.20652	3.14506	3.23262	3.47323	3.20616	3.16557	3.28895	3.39453	3.70782	3.47479	3.27347	3.40300	3.25743
0.0002915	3.36822	3.18700	3.61759	3.21752	3.25933	3.52335	3.41097	3.25849	3.09735	3.44766	3.30025	3.35522	3.64937	3.25819	3.33084	3.55366	3.18764	3.29168	3.53526	3.17464	3.34864	3.84875	3.20846	3.38678	3.24980	3.55574	3.29454	3.62640	3.42924	3.32290	3.16402	3.45115	3.23359	3.72078	3.61661	3.06185	3.31324	3.26938	3.33102	3.42887	3.23681	3.18123	3.26039	3.47212	3.23616	3.19962	3.31685	3.42936	3.78790	3.49966	3.30472	3.48031	3.29250
0.0003275	3.40956	3.22360	3.65545	3.25559	3.28624	3.59342	3.48323	3.29087	3.12365	3.48505	3.35135	3.38879	3.68434	3.29375	3.36702	3.59330	3.22431	3.31293	3.58512	3.20572	3.37788	3.87076	3.25064	3.43626	3.28873	3.57881	3.33198	3.70383	3.49566	3.36545	3.19923	3.52111	3.28758	3.74966	3.65224	3.08497	3.34281	3.30400	3.37770	3.50472	3.27137	3.21723	3.29478	3.47846	3.26646	3.23338	3.35370	3.47300	3.80861	3.58275	3.33484	3.58948	3.32503
0.0003678	3.45360	3.25992	3.70386	3.29357	3.32454	3.66672	3.55994	3.33518	3.16657	3.54460	3.41995	3.44171	3.72690	3.32222	3.42410	3.60074	3.25643	3.32841	3.64474	3.25996	3.38842	3.90152	3.29377	3.48195	3.33818	3.62429	3.39348	3.74947	3.55684	3.40750	3.25961	3.56372	3.37142	3.78162	3.69494	3.12024	3.36220	3.34219	3.44071	3.56266	3.31448	3.24787	3.31923	3.49283	3.29063	3.27912	3.40006	3.50401	3.82585	3.63348	3.36260	3.70130	3.35752
0.0004132	3.50292	3.32197	3.75915	3.34572	3.36018	3.76446	3.63970	3.37957	3.21613	3.59424	3.51944	3.49247	3.75856	3.36114	3.46607	3.70027	3.29619	3.35157	3.71699	3.33328	3.41028	3.90749	3.33524	3.52178	3.38638	3.64869	3.46263	3.78751	3.60947	3.45726	3.32234	3.59855	3.48637	3.79780	3.71373	3.18072	3.40623	3.39713	3.52578	3.62555	3.39796	3.28714	3.34921	3.54456	3.32496	3.31863	3.43518	3.54753	3.83888	3.68204	3.39180	3.75801	3.39304
0.0004642	3.55787	3.36371	3.81136	3.43228	3.40091	3.83530	3.72009	3.41390	3.28821	3.65352	3.64294	3.55780	3.79335	3.39422	3.53540	3.74241	3.33272	3.40514	3.76985	3.45935	3.45574	3.90579	3.41674	3.55445	3.50057	3.71114	3.56441	3.81356	3.65234	3.54188	3.38442	3.62597	3.59751	3.81112	3.72847	3.23845	3.42699	3.43633	3.59362	3.68777	3.48430	3.31962	3.39652	3.56633	3.36544	3.34819	3.51049	3.59219	3.84637	3.72599	3.46534	3.82196	3.42596
0.0005214	3.60778	3.42003	3.81825	3.50058	3.46614	3.86652	3.76469	3.49046	3.36620	3.68995	3.72280	3.65865	3.81523	3.46311	3.58013	3.76987	3.40369	3.44534	3.80243	3.58022	3.49828	3.89371	3.47332	3.57737	3.57017	3.73350	3.66497	3.82430	3.68313	3.60003	3.44589	3.64448	3.68388	3.81758	3.73734	3.30075	3.47714	3.50764	3.65289	3.73844	3.57276	3.39225	3.44549	3.58796	3.41652	3.42043	3.55410	3.65185	3.84458	3.76004	3.50942	3.84213	3.48044
0.0005857	3.63157	3.45318	3.81362	3.55175	3.50831	3.85867	3.77635	3.53133	3.43591	3.70320	3.75202	3.71861	3.82272	3.49569	3.60096	3.76890	3.43479	3.46770	3.80431	3.66255	3.51793	3.86427	3.50840	3.58177	3.60604	3.73518	3.72531	3.81261	3.69301	3.63813	3.48971	3.64493	3.72543	3.80607	3.72994	3.35672	3.49109	3.54211	3.68672	3.76119	3.63725	3.42805	3.46629	3.59714	3.44696	3.45388	3.58270	3.67667	3.82524	3.77184	3.53948	3.83437	3.50805
0.0006579	3.63487	3.47288	3.78615	3.58264	3.53301	3.82853	3.76493	3.55655	3.47360	3.69613	3.74662	3.74072	3.80972	3.51100	3.60112	3.74648	3.44723	3.47686	3.78364	3.69950	3.52439	3.82373	3.52384	3.57119	3.61467	3.71939	3.73617	3.78527	3.68589	3.65568	3.51243	3.63100	3.73296	3.77982	3.70847	3.39763	3.49134	3.56023	3.69698	3.75948	3.67271	3.44671	3.47323	3.59420	3.46302	3.46976	3.59582	3.67693	3.79407	3.76416	3.55475	3.80825	3.52080
0.0007391	3.61992	3.46840	3.74665	3.59367	3.54012	3.78326	3.73570	3.56640	3.48092	3.67183	3.71943	3.72794	3.77728	3.50927	3.58414	3.70879	3.44120	3.47163	3.74599	3.70179	3.51664	3.77362	3.52146	3.54745	3.60371	3.68784	3.71214	3.74493	3.66343	3.65283	3.51540	3.60452	3.71653	3.74048	3.67349	3.41540	3.47795	3.56196	3.68604	3.73716	3.68082	3.44739	3.46618	3.57903	3.46253	3.46865	3.59342	3.65310	3.75256	3.73877	3.55515	3.76754	3.51853
0.0008302	3.58909	3.45059	3.69796	3.58614	3.53130	3.72650	3.69208	3.56165	3.46554	3.63283	3.67708	3.68853	3.72911	3.49153	3.55255	3.66016	3.41809	3.45206	3.69547	3.67845	3.49432	3.71481	3.50336	3.51144	3.57748	3.64236	3.66693	3.69333	3.62669	3.63023	3.50151	3.56653	3.68158	3.68928	3.62562	3.40775	3.45099	3.54747	3.65617	3.69757	3.66301	3.43076	3.44549	3.55175	3.44704	3.45196	3.57597	3.60800	3.70149	3.69751	3.54100	3.71452	3.50141
0.0009326	3.54406	3.41576	3.64214	3.56024	3.50783	3.66021	3.63639	3.54196	3.43292	3.58100	3.62252	3.63017	3.66814	3.45881	3.50788	3.60260	3.37977	3.41902	3.63459	3.63430	3.45753	3.64787	3.47100	3.46367	3.53780	3.58458	3.60720	3.63162	3.57645	3.58891	3.47286	3.51748	3.63095	3.62732	3.56563	3.37786	3.41076	3.51670	3.60930	3.64290	3.62106	3.39821	3.41178	3.51228	3.41620	3.42118	3.54371	3.54581	3.64115	3.64206	3.51235	3.65067	3.46963
0.0010476	3.48640	3.37093	3.57337	3.51642	3.47057	3.58558	3.57032	3.50664	3.38613	3.51799	3.55737	3.55820	3.59645	3.41234	3.45125	3.53677	3.32840	3.37396	3.56479	3.57328	3.40693	3.57316	3.42560	3.40473	3.48577	3.51596	3.53710	3.56070	3.51376	3.53107	3.43099	3.45771	3.56679	3.55545	3.49439	3.33060	3.35816	3.47031	3.54767	3.57503	3.55956	3.35149	3.36612	3.46075	3.37147	3.37791	3.49712	3.47083	3.57182	3.57417	3.46958	3.57707	3.42366
0.0011768	3.41768	3.31407	3.49522	3.45603	3.42000	3.50353	3.49518	3.45525	3.32714	3.44535	3.48275	3.47587	3.51553	3.35358	3.38389	3.46290	3.26637	3.31862	3.48701	3.49895	3.34380	3.49119	3.36834	3.33573	3.42248	3.43795	3.45949	3.48144	3.44009	3.45950	3.37717	3.38788	3.49106	3.47469	3.41304	3.27016	3.29480	3.40989	3.47365	3.49566	3.48384	3.29249	3.31006	3.39759	3.31451	3.32376	3.43685	3.38679	3.49403	3.49557	3.41350	3.49469	3.36442
0.0013219	3.33965	3.24711	3.40816	3.38150	3.35659	3.41511	3.41210	3.38839	3.25785	3.36478	3.39990	3.38571	3.42670	3.28439	3.30746	3.38148	3.19641	3.25485	3.40219	3.41430	3.27008	3.40286	3.30072	3.25867	3.34936	3.35229	3.37446	3.39499	3.35740	3.37721	3.31275	3.30928	3.40575	3.38637	3.32336	3.20003	3.22298	3.33783	3.38964	3.40676	3.39825	3.22343	3.24558	3.32388	3.24728	3.26051	3.36373	3.29692	3.40871	3.40810	3.34544	3.40477	3.29356
0.0014850	3.25457	3.17480	3.31422	3.29630	3.28175	3.32166	3.32233	3.30842	3.18078	3.27825	3.31045	3.29023	3.33153	3.20728	3.22423	3.29363	3.12164	3.18486	3.31162	3.32208	3.18853	3.30953	3.22486	3.17637	3.26842	3.26117	3.28385	3.30291	3.26820	3.28727	3.23959	3.22401	3.31318	3.29228	3.22780	3.12365	3.14556	3.25723	3.29827	3.31082	3.30605	3.14711	3.17508	3.24166	3.17230	3.19031	3.27960	3.20405	3.31732	3.31388	3.26759	3.30902	3.21379
0.0016681	3.16519	3.09268	3.21923	3.20426	3.19793	3.22493	3.22748	3.21894	3.09917	3.18809	3.21652	3.19221	3.23210	3.12533	3.13714	3.20123	3.04545	3.11115	3.21714	3.22499	3.10265	3.21313	3.14358	3.09223	3.18219	3.16729	3.18996	3.20729	3.17546	3.19288	3.16014	3.13507	3.21608	3.19487	3.12974	3.04473	3.06576	3.17133	3.20243	3.21080	3.21006	3.06700	3.10120	3.15393	3.09273	3.11568	3.18766	3.11106	3.22185	3.21548	3.18281	3.20976	3.12871
0.0018738	3.07461	3.01189	3.12411	3.10920	3.10843	3.12703	3.12979	3.12404	3.01676	3.09681	3.12062	3.09456	3.13097	3.04186	3.04953	3.10678	2.97096	3.03620	3.12105	3.12587	3.01641	3.11602	3.06003	3.00958	3.09348	3.07362	3.09540	3.11067	3.08225	3.09728	3.07718	3.04593	3.11747	3.09710	3.03325	2.96696	2.98688	3.08322	3.10524	3.11003	3.11299	2.98690	3.02637	3.06421	3.01215	3.03927	3.09222	3.02088	3.12471	3.11579	3.09429	3.10987	3.04225
0.0021049	2.98571	2.93321	3.02761	3.01459	3.01688	3.03016	3.03198	3.02771	2.93701	3.00678	3.02532	3.00002	3.03098	2.95985	2.96450	3.01294	2.90043	2.96187	3.02572	3.02760	2.93345	3.02062	2.97711	2.93105	3.00494	2.98292	3.00279	3.01564	2.99134	3.00345	2.99338	2.95985	3.02031	3.00195	2.94228	2.89328	2.91167	2.99559	3.00976	3.01182	3.01746	2.91013	2.95244	2.97584	2.93383	2.96334	2.99778	2.93604	3.02838	3.01776	3.00505	3.01232	2.95783
0.0023645	2.90067	2.85783	2.93324	2.92314	2.92655	2.93628	2.93681	2.93340	2.86213	2.91974	2.93278	2.91060	2.93469	2.88136	2.88418	2.92205	2.83495	2.88897	2.93323	2.93269	2.85624	2.92886	2.89681	2.85800	2.91855	2.89716	2.91415	2.92433	2.90467	2.91371	2.91079	2.87899	2.92700	2.91176	2.85944	2.82530	2.84178	2.91043	2.91844	2.91877	2.92555	2.83879	2.88033	2.89142	2.85994	2.88920	2.90781	2.85809	2.93503	2.92387	2.91761	2.91952	2.87770
0.0026561	2.82057	2.78558	2.84403	2.83656	2.83986	2.84687	2.84642	2.84360	2.79269	2.83656	2.84449	2.82722	2.84398	2.80721	2.80924	2.83574	2.77431	2.81736	2.84498	2.84294	2.78560	2.84187	2.81992	2.79035	2.83552	2.81722	2.83059	2.83803	2.82319	2.82936	2.83064	2.80404	2.83906	2.82767	2.78541	2.76317	2.77740	2.82898	2.83274	2.83233	2.83858	2.77334	2.81008	2.81240	2.79114	2.81707	2.82414	2.78723	2.84616	2.83578	2.83370	2.83285	2.80275
0.0029836	2.74546	2.72063	2.76010	2.75557	2.75813	2.76277	2.76193	2.75971	2.72774	2.75736	2.76128	2.74971	2.75977	2.73716	2.73901	2.75486	2.71705	2.74662	2.76174	2.75926	2.72081	2.75997	2.74638	2.72680	2.75634	2.74291	2.75224	2.75707	2.74696	2.75069	2.75353	2.73432	2.75708	2.74964	2.71907	2.70582	2.71738	2.75168	2.75300	2.75255	2.75710	2.71290	2.74128	2.73908	2.72663	2.74647	2.74690	2.72235	2.76252	2.75413	2.75427	2.75258	2.73284
0.0033516	2.67473	2.66067	2.68305	2.68012	2.68168	2.68425	2.68350	2.68203	2.66547	2.68203	2.68340	2.67717	2.68204	2.67039	2.67197	2.67957	2.66074	2.67687	2.68378	2.68177	2.66005	2.68301	2.67588	2.66538	2.68119	2.67330	2.67865	2.68122	2.67549	2.67733	2.67980	2.66847	2.68091	2.67681	2.65821	2.65136	2.65960	2.67851	2.67870	2.67848	2.68103	2.65560	2.67376	2.67077	2.66471	2.67701	2.67516	2.66144	2.68427	2.67877	2.67961	2.67819	2.66714
0.0037649	2.60758	2.60207	2.61078	2.60975	2.61029	2.61118	2.61079	2.61016	2.60413	2.61058	2.61081	2.60863	2.61023	2.60603	2.60675	2.60956	2.60281	2.60890	2.61107	2.61009	2.60117	2.61078	2.60838	2.60439	2.61018	2.60724	2.60923	2.61008	2.60811	2.60862	2.60972	2.60522	2.60994	2.60823	2.60023	2.59747	2.60175	2.60928	2.60908	2.60895	2.61007	2.59921	2.60778	2.60618	2.60365	2.60901	2.60773	2.60210	2.61123	2.60900	2.60962	2.60887	2.60457
0.0042292	2.54348	2.54275	2.54405	2.54396	2.54359	2.54332	2.54336	2.54344	2.54314	2.54337	2.54330	2.54345	2.54364	2.54370	2.54299	2.54432	2.54239	2.54384	2.54350	2.54367	2.54266	2.54322	2.54414	2.54351	2.54343	2.54391	2.54363	2.54345	2.54423	2.54398	2.54360	2.54394	2.54352	2.54330	2.54289	2.54232	2.54276	2.54388	2.54360	2.54328	2.54386	2.54201	2.54398	2.54414	2.54276	2.54348	2.54377	2.54261	2.54324	2.54400	2.54404	2.54391	2.54406
0.0047508	2.48253	2.48095	2.48431	2.48239	2.48143	2.48055	2.48096	2.48139	2.48335	2.48085	2.48074	2.48167	2.48176	2.48369	2.48163	2.48331	2.48147	2.48257	2.48096	2.48206	2.48457	2.48045	2.48343	2.48388	2.48115	2.48320	2.48187	2.48135	2.48357	2.48310	2.48170	2.48473	2.48135	2.48203	2.48553	2.48596	2.48376	2.48234	2.48213	2.48148	2.48220	2.48390	2.48310	2.48428	2.48293	2.48154	2.48302	2.48305	2.48026	2.48316	2.48268	2.48301	2.48504
0.0053367	2.42541	2.42344	2.42744	2.42512	2.42400	2.42300	2.42362	2.42396	2.42646	2.42345	2.42323	2.42395	2.42450	2.42689	2.42418	2.42635	2.42337	2.42576	2.42351	2.42520	2.42845	2.42277	2.42656	2.42722	2.42365	2.42588	2.42437	2.42403	2.42644	2.42618	2.42438	2.42824	2.42369	2.42493	2.42959	2.43045	2.42718	2.42494	2.42499	2.42415	2.42520	2.42690	2.42602	2.42737	2.42606	2.42415	2.42583	2.42543	2.42249	2.42637	2.42564	2.42636	2.42811
0.0059948	2.37329	2.37144	2.37530	2.37295	2.37202	2.37118	2.37185	2.37176	2.37420	2.37174	2.37133	2.37151	2.37244	2.37461	2.37211	2.37407	2.37065	2.37413	2.37167	2.37361	2.37638	2.37086	2.37440	2.37514	2.37162	2.37345	2.37212	2.37218	2.37391	2.37411	2.37232	2.37592	2.37145	2.37299	2.37768	2.37825	2.37529	2.37256	2.37295	2.37231	2.37347	2.37406	2.37386	2.37485	2.37412	2.37225	2.37332	2.37245	2.37054	2.37429	2.37364	2.37462	2.37532
0.0067342	2.32771	2.32613	2.32936	2.32733	2.32668	2.32615	2.32674	2.32620	2.32838	2.32676	2.32613	2.32590	2.32692	2.32861	2.32679	2.32808	2.32511	2.32889	2.32652	2.32844	2.33046	2.32584	2.32861	2.32930	2.32623	2.32774	2.32658	2.32699	2.32783	2.32839	2.32685	2.32986	2.32606	2.32758	2.33219	2.33142	2.32996	2.32674	2.32734	2.32729	2.32816	2.32803	2.32811	2.32853	2.32876	2.32707	2.32730	2.32641	2.32551	2.32845	2.32807	2.32892	2.32917
0.0075646	2.29026	2.28899	2.29158	2.28991	2.28946	2.28918	2.28978	2.28893	2.29076	2.28981	2.28902	2.28865	2.28961	2.29078	2.28955	2.29023	2.28811	2.29154	2.28944	2.29115	2.29255	2.28902	2.29089	2.29143	2.28895	2.29029	2.28929	2.28993	2.29011	2.29076	2.28951	2.29191	2.28900	2.29021	2.29463	2.29227	2.29265	2.28917	2.28978	2.29044	2.29069	2.29053	2.29044	2.29030	2.29136	2.29001	2.28958	2.28900	2.28868	2.29070	2.29056	2.29089	2.29138
0.0084975	2.26189	2.26091	2.26285	2.26163	2.26130	2.26112	2.26188	2.26094	2.26234	2.26174	2.26092	2.26061	2.26146	2.26226	2.26132	2.26161	2.26030	2.26311	2.26133	2.26282	2.26363	2.26117	2.26225	2.26266	2.26076	2.26195	2.26111	2.26187	2.26173	2.26232	2.26125	2.26319	2.26105	2.26183	2.26552	2.26282	2.26403	2.26085	2.26132	2.26237	2.26204	2.26230	2.26189	2.26143	2.26270	2.26189	2.26115	2.26093	2.26081	2.26215	2.26210	2.26200	2.26267
0.0095455	2.24242	2.24168	2.24343	2.24228	2.24199	2.24186	2.24278	2.24193	2.24288	2.24238	2.24169	2.24146	2.24219	2.24276	2.24195	2.24205	2.24132	2.24352	2.24204	2.24342	2.24353	2.24205	2.24259	2.24294	2.24152	2.24250	2.24180	2.24255	2.24233	2.24289	2.24186	2.24355	2.24188	2.24235	2.24484	2.24309	2.24388	2.24154	2.24183	2.24274	2.24226	2.24286	2.24237	2.24182	2.24274	2.24251	2.24174	2.24177	2.24166	2.24255	2.24253	2.24233	2.24286
0.0107227	2.23078	2.23024	2.23138	2.23076	2.23048	2.23040	2.23132	2.23056	2.23120	2.23076	2.23026	2.23011	2.23071	2.23102	2.23040	2.23047	2.23006	2.23172	2.23054	2.23194	2.23136	2.23063	2.23087	2.23118	2.23013	2.23088	2.23030	2.23086	2.23075	2.23125	2.23031	2.23177	2.23045	2.23076	2.23210	2.23116	2.23153	2.23013	2.23028	2.23090	2.23050	2.23105	2.23076	2.23028	2.23080	2.23088	2.23023	2.23040	2.23025	2.23078	2.23083	2.23070	2.23103
0.0120450	2.22572	2.22536	2.22612	2.22579	2.22553	2.22551	2.22626	2.22553	2.22601	2.22570	2.22538	2.22529	2.22576	2.22584	2.22544	2.22553	2.22528	2.22650	2.22559	2.22655	2.22600	2.22571	2.22577	2.22610	2.22531	2.22581	2.22539	2.22569	2.22574	2.22608	2.22537	2.22643	2.22554	2.22578	2.22637	2.22580	2.22606	2.22529	2.22539	2.22582	2.22549	2.22573	2.22576	2.22539	2.22569	2.22583	2.22534	2.22555	2.22537	2.22564	2.22576	2.22573	2.22590
0.0135305	2.22635	2.22610	2.22667	2.22644	2.22622	2.22624	2.22678	2.22620	2.22649	2.22632	2.22612	2.22608	2.22643	2.22643	2.22614	2.22626	2.22607	2.22695	2.22628	2.22683	2.22649	2.22639	2.22634	2.22677	2.22609	2.22638	2.22613	2.22626	2.22638	2.22659	2.22611	2.22669	2.22625	2.22643	2.22667	2.22639	2.22653	2.22607	2.22615	2.22646	2.22620	2.22621	2.22642	2.22614	2.22632	2.22648	2.22610	2.22632	2.22611	2.22624	2.22640	2.22641	2.22648
0.0151991	2.23227	2.23210	2.23243	2.23232	2.23217	2.23222	2.23260	2.23220	2.23233	2.23222	2.23210	2.23208	2.23235	2.23235	2.23210	2.23224	2.23208	2.23271	2.23222	2.23267	2.23236	2.23229	2.23220	2.23268	2.23210	2.23224	2.23212	2.23216	2.23227	2.23243	2.23209	2.23238	2.23221	2.23233	2.23242	2.23230	2.23243	2.23208	2.23215	2.23238	2.23217	2.23212	2.23235	2.23212	2.23222	2.23242	2.23209	2.23234	2.23210	2.23215	2.23233	2.23234	2.23235
0.0170735	2.24378	2.24364	2.24395	2.24379	2.24369	2.24376	2.24403	2.24381	2.24381	2.24371	2.24365	2.24363	2.24386	2.24387	2.24364	2.24379	2.24364	2.24410	2.24373	2.24400	2.24385	2.24375	2.24369	2.24405	2.24365	2.24372	2.24367	2.24367	2.24375	2.24393	2.24364	2.24380	2.24374	2.24382	2.24384	2.24378	2.24394	2.24363	2.24371	2.24390	2.24372	2.24365	2.24388	2.24367	2.24372	2.24397	2.24364	2.24387	2.24365	2.24367	2.24385	2.24383	2.24381
0.0191791	2.26225	2.26213	2.26239	2.26224	2.26217	2.26227	2.26247	2.26234	2.26227	2.26218	2.26213	2.26212	2.26234	2.26236	2.26213	2.26231	2.26213	2.26250	2.26221	2.26232	2.26234	2.26219	2.26216	2.26252	2.26214	2.26218	2.26217	2.26215	2.26220	2.26236	2.26213	2.26224	2.26224	2.26230	2.26227	2.26223	2.26238	2.26212	2.26223	2.26241	2.26221	2.26214	2.26238	2.26216	2.26218	2.26247	2.26213	2.26226	2.26214	2.26215	2.26234	2.26226	2.26226
0.0215444	2.29116	2.29103	2.29132	2.29113	2.29108	2.29123	2.29137	2.29122	2.29117	2.29109	2.29103	2.29102	2.29128	2.29131	2.29102	2.29124	2.29103	2.29139	2.29113	2.29117	2.29130	2.29107	2.29106	2.29139	2.29106	2.29108	2.29110	2.29105	2.29110	2.29118	2.29102	2.29115	2.29117	2.29125	2.29116	2.29112	2.29125	2.29102	2.29119	2.29140	2.29114	2.29104	2.29131	2.29107	2.29107	2.29140	2.29103	2.29110	2.29104	2.29105	2.29128	2.29114	2.29118
0.0242013	2.33938	2.33921	2.33963	2.33934	2.33928	2.33950	2.33957	2.33935	2.33936	2.33932	2.33920	2.33917	2.33961	2.33963	2.33918	2.33942	2.33921	2.33964	2.33932	2.33941	2.33965	2.33923	2.33926	2.33962	2.33931	2.33929	2.33933	2.33923	2.33937	2.33936	2.33918	2.33938	2.33940	2.33965	2.33944	2.33934	2.33951	2.33917	2.33937	2.33966	2.33938	2.33923	2.33952	2.33931	2.33926	2.33964	2.33922	2.33929	2.33922	2.33925	2.33951	2.33933	2.33945
0.0271859	2.43410	2.43392	2.43431	2.43405	2.43389	2.43403	2.43406	2.43391	2.43405	2.43413	2.43393	2.43391	2.43423	2.43432	2.43392	2.43413	2.43399	2.43415	2.43391	2.43419	2.43446	2.43389	2.43413	2.43431	2.43410	2.43400	2.43400	2.43398	2.43416	2.43412	2.43394	2.43426	2.43409	2.43443	2.43441	2.43424	2.43428	2.43394	2.43394	2.43406	2.43408	2.43436	2.43414	2.43400	2.43401	2.43410	2.43414	2.43430	2.43395	2.43420	2.43408	2.43409	2.43421
0.0305386	2.46104	2.46104	2.46104	2.46104	2.46104	2.46104	2.46104	2.46104	2.46104	2.46104	2.46104	2.46104	2.46104	2.46104	2.46104	2.46104	2.46104	2.46104	2.46104	2.46104	2.46104	2.46104	2.46104	2.46104	2.46104	2.46104	2.46104	2.46104	2.46104	2.46104	2.46104	2.46104	2.46104	2.46104	2.46104	2.46104	2.46104	2.46104	2.46104	2.46104	2.46104	2.46104	2.46104	2.46104	2.46104	2.46104	2.46104	2.46104	2.46104	2.46104	2.46104	2.46104	2.46104
0.0343047	2.46104	2.46104	2.46104	2.46104	2.46104	2.46104	2.46104	2.46104	2.46104	2.46104	2.46104	2.46104	2.46104	2.46104	2.46104	2.46104	2.46104	2.46104	2.46104	2.46104	2.46104	2.46104	2.46104	2.46104	2.46104	2.46104	2.46104	2.46104	2.46104	2.46104	2.46104	2.46104	2.46104	2.46104	2.46104	2.46104	2.46104	2.46104	2.46104	2.46104	2.46104	2.46104	2.46104	2.46104	2.46104	2.46104	2.46104	2.46104	2.46104	2.46104	2.46104	2.46104	2.46104
0.0385353	2.46104	2.46104	2.46104	2.46104	2.46104	2.46104	2.46104	2.46104	2.46104	2.46104	2.46104	2.46104	2.46104	2.46104	2.46104	2.46104	2.46104	2.46104	2.46104	2.46104	2.46104	2.46104	2.46104	2.46104	2.46104	2.46104	2.46104	2.46104	2.46104	2.46104	2.46104	2.46104	2.46104	2.46104	2.46104	2.46104	2.46104	2.46104	2.46104	2.46104	2.46104	2.46104	2.46104	2.46104	2.46104	2.46104	2.46104	2.46104	2.46104	2.46104	2.46104	2.46104	2.46104
0.0432876	2.46104	2.46104	2.46104	2.46104	2.46104	2.46104	2.46104	2.46104	2.46104	2.46104	2.46104	2.46104	2.46104	2.46104	2.46104	2.46104	2.46104	2.46104	2.46104	2.46104	2.46104	2.46104	2.46104	2.46104	2.46104	2.46104	2.46104	2.46104	2.46104	2.46104	2.46104	2.46104	2.46104	2.46104	2.46104	2.46104	2.46104	2.46104	2.46104	2.46104	2.46104	2.46104	2.46104	2.46104	2.46104	2.46104	2.46104	2.46104	2.46104	2.46104	2.46104	2.46104	2.46104
0.0486260	2.46104	2.46104	2.46104	2.46104	2.46104	2.46104	2.46104	2.46104	2.46104	2.46104	2.46104	2.46104	2.46104	2.46104	2.46104	2.46104	2.46104	2.46104	2.46104	2.46104	2.46104	2.46104	2.46104	2.46104	2.46104	2.46104	2.46104	2.46104	2.46104	2.46104	2.46104	2.46104	2.46104	2.46104	2.46104	2.46104	2.46104	2.46104	2.46104	2.46104	2.46104	2.46104	2.46104	2.46104	2.46104	2.46104	2.46104	2.46104	2.46104	2.46104	2.46104	2.46104	2.46104
0.0546228	2.46104	2.46104	2.46104	2.46104	2.46104	2.46104	2.46104	2.46104	2.46104	2.46104	2.46104	2.46104	2.46104	2.46104	2.46104	2.46104	2.46104	2.46104	2.46104	2.46104	2.46104	2.46104	2.46104	2.46104	2.46104	2.46104	2.46104	2.46104	2.46104	2.46104	2.46104	2.46104	2.46104	2.46104	2.46104	2.46104	2.46104	2.46104	2.46104	2.46104	2.46104	2.46104	2.46104	2.46104	2.46104	2.46104	2.46104	2.46104	2.46104	2.46104	2.46104	2.46104	2.46104
0.0613591	2.46104	2.46104	2.46104	2.46104	2.46104	2.46104	2.46104	2.46104	2.46104	2.46104	2.46104	2.46104	2.46104	2.46104	2.46104	2.46104	2.46104	2.46104	2.46104	2.46104	2.46104	2.46104	2.46104	2.46104	2.46104	2.46104	2.46104	2.46104	2.46104	2.46104	2.46104	2.46104	2.46104	2.46104	2.46104	2.46104	2.46104	2.46104	2.46104	2.46104	2.46104	2.46104	2.46104	2.46104	2.46104	2.46104	2.46104	2.46104	2.46104	2.46104	2.46104	2.46104	2.46104
0.0689261	2.46104	2.46104	2.46104	2.46104	2.46104	2.46104	2.46104	2.46104	2.46104	2.46104	2.46104	2.46104	2.46104	2.46104	2.46104	2.46104	2.46104	2.46104	2.46104	2.46104	2.46104	2.46104	2.46104	2.46104	2.46104	2.46104	2.46104	2.46104	2.46104	2.46104	2.46104	2.46104	2.46104	2.46104	2.46104	2.46104	2.46104	2.46104	2.46104	2.46104	2.46104	2.46104	2.46104	2.46104	2.46104	2.46104	2.46104	2.46104	2.46104	2.46104	2.46104	2.46104	2.46104
0.0774264	2.46104	2.46104	2.46104	2.46104	2.46104	2.46104	2.46104	2.46104	2.46104	2.46104	2.46104	2.46104	2.46104	2.46104	2.46104	2.46104	2.46104	2.46104	2.46104	2.46104	2.46104	2.46104	2.46104	2.46104	2.46104	2.46104	2.46104	2.46104	2.46104	2.46104	2.46104	2.46104	2.46104	2.46104	2.46104	2.46104	2.46104	2.46104	2.46104	2.46104	2.46104	2.46104	2.46104	2.46104	2.46104	2.46104	2.46104	2.46104	2.46104	2.46104	2.46104	2.46104	2.46104
0.0869749	2.46104	2.46104	2.46104	2.46104	2.46104	2.46104	2.46104	2.46104	2.46104	2.46104	2.46104	2.46104	2.46104	2.46104	2.46104	2.46104	2.46104	2.46104	2.46104	2.46104	2.46104	2.46104	2.46104	2.46104	2.46104	2.46104	2.46104	2.46104	2.46104	2.46104	2.46104	2.46104	2.46104	2.46104	2.46104	2.46104	2.46104	2.46104	2.46104	2.46104	2.46104	2.46104	2.46104	2.46104	2.46104	2.46104	2.46104	2.46104	2.46104	2.46104	2.46104	2.46104	2.46104
0.0977010	2.46104	2.46104	2.46104	2.46104	2.46104	2.46104	2.46104	2.46104	2.46104	2.46104	2.46104	2.46104	2.46104	2.46104	2.46104	2.46104	2.46104	2.46104	2.46104	2.46104	2.46104	2.46104	2.46104	2.46104	2.46104	2.46104	2.46104	2.46104	2.46104	2.46104	2.46104	2.46104	2.46104	2.46104	2.46104	2.46104	2.46104	2.46104	2.46104	2.46104	2.46104	2.46104	2.46104	2.46104	2.46104	2.46104	2.46104	2.46104	2.46104	2.46104	2.46104	2.46104	2.46104
0.1097499	2.46104	2.46104	2.46104	2.46104	2.46104	2.46104	2.46104	2.46104	2.46104	2.46104	2.46104	2.46104	2.46104	2.46104	2.46104	2.46104	2.46104	2.46104	2.46104	2.46104	2.46104	2.46104	2.46104	2.46104	2.46104	2.46104	2.46104	2.46104	2.46104	2.46104	2.46104	2.46104	2.46104	2.46104	2.46104	2.46104	2.46104	2.46104	2.46104	2.46104	2.46104	2.46104	2.46104	2.46104	2.46104	2.46104	2.46104	2.46104	2.46104	2.46104	2.46104	2.46104	2.46104
0.1232847	2.46104	2.46104	2.46104	2.46104	2.46104	2.46104	2.46104	2.46104	2.46104	2.46104	2.46104	2.46104	2.46104	2.46104	2.46104	2.46104	2.46104	2.46104	2.46104	2.46104	2.46104	2.46104	2.46104	2.46104	2.46104	2.46104	2.46104	2.46104	2.46104	2.46104	2.46104	2.46104	2.46104	2.46104	2.46104	2.46104	2.46104	2.46104	2.46104	2.46104	2.46104	2.46104	2.46104	2.46104	2.46104	2.46104	2.46104	2.46104	2.46104	2.46104	2.46104	2.46104	2.46104
0.1384886	2.46104	2.46104	2.46104	2.46104	2.46104	2.46104	2.46104	2.46104	2.46104	2.46104	2.46104	2.46104	2.46104	2.46104	2.46104	2.46104	2.46104	2.46104	2.46104	2.46104	2.46104	2.46104	2.46104	2.46104	2.46104	2.46104	2.46104	2.46104	2.46104	2.46104	2.46104	2.46104	2.46104	2.46104	2.46104	2.46104	2.46104	2.46104	2.46104	2.46104	2.46104	2.46104	2.46104	2.46104	2.46104	2.46104	2.46104	2.46104	2.46104	2.46104	2.46104	2.46104	2.46104
0.1555676	2.46104	2.46104	2.46104	2.46104	2.46104	2.46104	2.46104	2.46104	2.46104	2.46104	2.46104	2.46104	2.46104	2.46104	2.46104	2.46104	2.46104	2.46104	2.46104	2.46104	2.46104	2.46104	2.46104	2.46104	2.46104	2.46104	2.46104	2.46104	2.46104	2.46104	2.46104	2.46104	2.46104	2.46104	2.46104	2.46104	2.46104	2.46104	2.46104	2.46104	2.46104	2.46104	2.46104	2.46104	2.46104	2.46104	2.46104	2.46104	2.46104	2.46104	2.46104	2.46104	2.46104
0.1747529	2.46104	2.46104	2.46104	2.46104	2.46104	2.46104	2.46104	2.46104	2.46104	2.46104	2.46104	2.46104	2.46104	2.46104	2.46104	2.46104	2.46104	2.46104	2.46104	2.46104	2.46104	2.46104	2.46104	2.46104	2.46104	2.46104	2.46104	2.46104	2.46104	2.46104	2.46104	2.46104	2.46104	2.46104	2.46104	2.46104	2.46104	2.46104	2.46104	2.46104	2.46104	2.46104	2.46104	2.46104	2.46104	2.46104	2.46104	2.46104	2.46104	2.46104	2.46104	2.46104	2.46104
0.1963040	2.46104	2.46104	2.46104	2.46104	2.46104	2.46104	2.46104	2.46104	2.46104	2.46104	2.46104	2.46104	2.46104	2.46104	2.46104	2.46104	2.46104	2.46104	2.46104	2.46104	2.46104	2.46104	2.46104	2.46104	2.46104	2.46104	2.46104	2.46104	2.46104	2.46104	2.46104	2.46104	2.46104	2.46104	2.46104	2.46104	2.46104	2.46104	2.46104	2.46104	2.46104	2.46104	2.46104	2.46104	2.46104	2.46104	2.46104	2.46104	2.46104	2.46104	2.46104	2.46104	2.46104
0.2205130	2.46104	2.46104	2.46104	2.46104	2.46104	2.46104	2.46104	2.46104	2.46104	2.46104	2.46104	2.46104	2.46104	2.46104	2.46104	2.46104	2.46104	2.46104	2.46104	2.46104	2.46104	2.46104	2.46104	2.46104	2.46104	2.46104	2.46104	2.46104	2.46104	2.46104	2.46104	2.46104	2.46104	2.46104	2.46104	2.46104	2.46104	2.46104	2.46104	2.46104	2.46104	2.46104	2.46104	2.46104	2.46104	2.46104	2.46104	2.46104	2.46104	2.46104	2.46104	2.46104	2.46104
0.2477076	2.46104	2.46104	2.46104	2.46104	2.46104	2.46104	2.46104	2.46104	2.46104	2.46104	2.46104	2.46104	2.46104	2.46104	2.46104	2.46104	2.46104	2.46104	2.46104	2.46104	2.46104	2.46104	2.46104	2.46104	2.46104	2.46104	2.46104	2.46104	2.46104	2.46104	2.46104	2.46104	2.46104	2.46104	2.46104	2.46104	2.46104	2.46104	2.46104	2.46104	2.46104	2.46104	2.46104	2.46104	2.46104	2.46104	2.46104	2.46104	2.46104	2.46104	2.46104	2.46104	2.46104
0.2782559	2.46104	2.46104	2.46104	2.46104	2.46104	2.46104	2.46104	2.46104	2.46104	2.46104	2.46104	2.46104	2.46104	2.46104	2.46104	2.46104	2.46104	2.46104	2.46104	2.46104	2.46104	2.46104	2.46104	2.46104	2.46104	2.46104	2.46104	2.46104	2.46104	2.46104	2.46104	2.46104	2.46104	2.46104	2.46104	2.46104	2.46104	2.46104	2.46104	2.46104	2.46104	2.46104	2.46104	2.46104	2.46104	2.46104	2.46104	2.46104	2.46104	2.46104	2.46104	2.46104	2.46104
0.3125716	2.46104	2.46104	2.46104	2.46104	2.46104	2.46104	2.46104	2.46104	2.46104	2.46104	2.46104	2.46104	2.46104	2.46104	2.46104	2.46104	2.46104	2.46104	2.46104	2.46104	2.46104	2.46104	2.46104	2.46104	2.46104	2.46104	2.46104	2.46104	2.46104	2.46104	2.46104	2.46104	2.46104	2.46104	2.46104	2.46104	2.46104	2.46104	2.46104	2.46104	2.46104	2.46104	2.46104	2.46104	2.46104	2.46104	2.46104	2.46104	2.46104	2.46104	2.46104	2.46104	2.46104
0.3511193	2.46104	2.46104	2.46104	2.46104	2.46104	2.46104	2.46104	2.46104	2.46104	2.46104	2.46104	2.46104	2.46104	2.46104	2.46104	2.46104	2.46104	2.46104	2.46104	2.46104	2.46104	2.46104	2.46104	2.46104	2.46104	2.46104	2.46104	2.46104	2.46104	2.46104	2.46104	2.46104	2.46104	2.46104	2.46104	2.46104	2.46104	2.46104	2.46104	2.46104	2.46104	2.46104	2.46104	2.46104	2.46104	2.46104	2.46104	2.46104	2.46104	2.46104	2.46104	2.46104	2.46104
0.3944205	2.46104	2.46104	2.46104	2.46104	2.46104	2.46104	2.46104	2.46104	2.46104	2.46104	2.46104	2.46104	2.46104	2.46104	2.46104	2.46104	2.46104	2.46104	2.46104	2.46104	2.46104	2.46104	2.46104	2.46104	2.46104	2.46104	2.46104	2.46104	2.46104	2.46104	2.46104	2.46104	2.46104	2.46104	2.46104	2.46104	2.46104	2.46104	2.46104	2.46104	2.46104	2.46104	2.46104	2.46104	2.46104	2.46104	2.46104	2.46104	2.46104	2.46104	2.46104	2.46104	2.46104
0.4430621	2.46104	2.46104	2.46104	2.46104	2.46104	2.46104	2.46104	2.46104	2.46104	2.46104	2.46104	2.46104	2.46104	2.46104	2.46104	2.46104	2.46104	2.46104	2.46104	2.46104	2.46104	2.46104	2.46104	2.46104	2.46104	2.46104	2.46104	2.46104	2.46104	2.46104	2.46104	2.46104	2.46104	2.46104	2.46104	2.46104	2.46104	2.46104	2.46104	2.46104	2.46104	2.46104	2.46104	2.46104	2.46104	2.46104	2.46104	2.46104	2.46104	2.46104	2.46104	2.46104	2.46104
0.4977023	2.46104	2.46104	2.46104	2.46104	2.46104	2.46104	2.46104	2.46104	2.46104	2.46104	2.46104	2.46104	2.46104	2.46104	2.46104	2.46104	2.46104	2.46104	2.46104	2.46104	2.46104	2.46104	2.46104	2.46104	2.46104	2.46104	2.46104	2.46104	2.46104	2.46104	2.46104	2.46104	2.46104	2.46104	2.46104	2.46104	2.46104	2.46104	2.46104	2.46104	2.46104	2.46104	2.46104	2.46104	2.46104	2.46104	2.46104	2.46104	2.46104	2.46104	2.46104	2.46104	2.46104
0.5590811	2.46104	2.46104	2.46104	2.46104	2.46104	2.46104	2.46104	2.46104	2.46104	2.46104	2.46104	2.46104	2.46104	2.46104	2.46104	2.46104	2.46104	2.46104	2.46104	2.46104	2.46104	2.46104	2.46104	2.46104	2.46104	2.46104	2.46104	2.46104	2.46104	2.46104	2.46104	2.46104	2.46104	2.46104	2.46104	2.46104	2.46104	2.46104	2.46104	2.46104	2.46104	2.46104	2.46104	2.46104	2.46104	2.46104	2.46104	2.46104	2.46104	2.46104	2.46104	2.46104	2.46104
0.6280293	2.46104	2.46104	2.46104	2.46104	2.46104	2.46104	2.46104	2.46104	2.46104	2.46104	2.46104	2.46104	2.46104	2.46104	2.46104	2.46104	2.46104	2.46104	2.46104	2.46104	2.46104	2.46104	2.46104	2.46104	2.46104	2.46104	2.46104	2.46104	2.46104	2.46104	2.46104	2.46104	2.46104	2.46104	2.46104	2.46104	2.46104	2.46104	2.46104	2.46104	2.46104	2.46104	2.46104	2.46104	2.46104	2.46104	2.46104	2.46104	2.46104	2.46104	2.46104	2.46104	2.46104
0.7054805	2.46104	2.46104	2.46104	2.46104	2.46104	2.46104	2.46104	2.46104	2.46104	2.46104	2.46104	2.46104	2.46104	2.46104	2.46104	2.46104	2.46104	2.46104	2.46104	2.46104	2.46104	2.46104	2.46104	2.46104	2.46104	2.46104	2.46104	2.46104	2.46104	2.46104	2.46104	2.46104	2.46104	2.46104	2.46104	2.46104	2.46104	2.46104	2.46104	2.46104	2.46104	2.46104	2.46104	2.46104	2.46104	2.46104	2.46104	2.46104	2.46104	2.46104	2.46104	2.46104	2.46104
0.7924827	2.46104	2.46104	2.46104	2.46104	2.46104	2.46104	2.46104	2.46104	2.46104	2.46104	2.46104	2.46104	2.46104	2.46104	2.46104	2.46104	2.46104	2.46104	2.46104	2.46104	2.46104	2.46104	2.46104	2.46104	2.46104	2.46104	2.46104	2.46104	2.46104	2.46104	2.46104	2.46104	2.46104	2.46104	2.46104	2.46104	2.46104	2.46104	2.46104	2.46104	2.46104	2.46104	2.46104	2.46104	2.46104	2.46104	2.46104	2.46104	2.46104	2.46104	2.46104	2.46104	2.46104
0.8902149	2.46104	2.46104	2.46104	2.46104	2.46104	2.46104	2.46104	2.46104	2.46104	2.46104	2.46104	2.46104	2.46104	2.46104	2.46104	2.46104	2.46104	2.46104	2.46104	2.46104	2.46104	2.46104	2.46104	2.46104	2.46104	2.46104	2.46104	2.46104	2.46104	2.46104	2.46104	2.46104	2.46104	2.46104	2.46104	2.46104	2.46104	2.46104	2.46104	2.46104	2.46104	2.46104	2.46104	2.46104	2.46104	2.46104	2.46104	2.46104	2.46104	2.46104	2.46104	2.46104	2.46104
