eta	mean	conf_05	conf_95	trace_00	trace_01	trace_02	trace_03	trace_04	trace_05	trace_06	trace_07	trace_08	trace_09	trace_10	trace_11	trace_12	trace_13	trace_14	trace_15	trace_16	trace_17	trace_18	trace_19	trace_20	trace_21	trace_22	trace_23	trace_24	trace_25	trace_26	trace_27	trace_28	trace_29	trace_30	trace_31	trace_32	trace_33	trace_34	trace_35	trace_36	trace_37	trace_38	trace_39	trace_40	trace_41	trace_42	trace_43	trace_44	trace_45	trace_46	trace_47	trace_48	trace_49
0.0000100	2.23172	1.31430	3.13830	1.52018	3.80173	1.24707	1.99812	0.83602	3.36576	1.41255	2.43566	2.98960	2.54907	2.58333	2.60970	2.97195	1.08833	1.49540	3.67202	2.56756	0.55998	3.11587	3.07331	2.91650	2.13205	2.06190	3.34022	2.60867	1.32177	0.79407	3.00313	2.49263	2.91336	1.57476	1.38035	1.94621	1.84415	1.77162	2.42575	1.63194	2.25140	1.45609	3.04027	2.72159	1.52546	1.57518	2.45154	3.04368	1.60687	2.52407	3.70393	1.76318	1.87028
0.0000112	2.26169	1.29056	3.31966	1.62163	4.12381	1.23637	1.84263	0.88116	3.39093	1.53613	2.54674	3.05807	2.42943	2.58513	2.63414	3.00079	1.04997	1.59059	3.77574	2.59338	0.62491	3.20417	3.11275	2.71575	2.15835	2.18423	3.46617	2.65311	1.29658	0.82352	3.31175	2.54008	3.31081	1.42563	1.29738	2.14911	1.97470	1.74852	2.31803	1.68889	2.04561	1.80009	2.58794	2.85991	1.52641	1.94537	2.45443	2.61574	1.55560	2.52013	3.55957	1.81349	1.89889
0.0000126	2.22751	1.27312	3.23634	1.54347	4.24954	1.12825	1.81854	0.82192	3.37504	1.40599	2.59187	2.94711	2.35888	2.62715	2.67775	2.97178	1.06892	1.46371	3.67630	2.80715	0.62279	3.01205	2.95289	2.80214	2.15302	2.15384	3.41970	2.49563	1.28921	0.73626	2.98228	2.50338	3.22093	1.55062	1.34926	2.15984	1.90867	1.60827	2.12061	1.65448	1.92563	1.93555	2.88973	2.54785	1.61899	1.58987	2.50674	2.65150	1.47770	2.38524	3.82984	1.73392	2.05366
0.0000142	2.22657	1.23670	3.09750	1.64203	4.16957	1.06887	2.06620	0.81054	3.35548	1.59499	2.67736	3.03173	2.50177	2.60018	2.45514	2.97056	1.16493	1.34337	3.86862	2.63124	0.52254	2.93653	2.97733	2.53030	2.16217	2.07437	3.32432	2.49866	1.24467	0.74832	3.07230	2.41878	2.57152	1.51684	1.40563	2.21192	1.91884	1.94500	2.10857	1.67951	2.22157	1.76698	2.77202	2.66028	1.46404	1.77244	2.47275	2.92845	1.66264	2.42575	3.62556	1.78883	1.94667
0.0000159	2.23332	1.30434	3.20879	1.73269	4.00494	1.17824	1.86271	0.74655	3.34156	1.52709	2.34648	2.98988	2.55321	2.60431	2.58176	3.01576	1.17041	1.37002	3.74977	2.72412	0.60873	3.00346	3.05593	2.52436	2.16428	2.18190	3.24289	2.75239	1.31835	0.93283	3.20500	2.51873	2.88599	1.36181	1.46057	2.18033	1.97203	1.61680	1.92389	1.67100	2.05916	1.72879	2.83025	2.65656	1.62539	1.80508	2.46155	2.91303	1.53624	2.58015	3.24773	1.79599	2.34522
0.0000179	2.23401	1.22221	3.16347	1.97960	4.15255	0.95563	1.98351	0.85952	3.31494	1.65364	2.44833	2.95761	2.44984	2.60981	2.86301	2.93739	1.22278	1.37113	3.83783	2.54082	0.52395	3.15329	2.85340	2.66099	2.15172	2.19160	3.25510	2.47504	1.21715	0.92558	3.11378	2.35892	3.05305	1.56944	1.37438	1.95206	1.85563	1.78934	2.23685	1.64144	2.15412	1.63704	2.73304	2.57426	1.55828	1.57019	2.39142	2.91863	1.67436	2.60259	3.79555	1.69999	1.90057
0.0000201	2.22274	1.21278	3.21229	1.80670	3.98452	1.18354	1.94309	0.87000	3.28948	1.62168	2.24447	2.87574	2.41550	2.50351	2.83926	3.02608	1.18965	1.54867	3.59206	2.65038	0.64369	3.03422	2.93811	2.74282	2.14633	2.01055	3.36772	2.56886	1.21535	0.94079	3.20372	2.28768	3.09613	1.53795	1.35365	1.92793	1.77547	1.76521	2.16612	1.66458	1.90633	1.70588	2.70339	2.77014	1.49370	1.63795	2.41164	3.08910	1.44116	2.65045	3.81783	1.82253	1.71583
0.0000226	2.23318	1.35968	3.24937	1.92617	3.70046	1.41675	1.76256	0.81347	3.24524	1.68408	2.26656	2.93477	2.50756	2.64430	3.15255	2.92635	1.16395	1.37517	3.88965	2.59282	0.78321	3.03976	2.83708	2.92855	2.12877	2.09278	3.28648	2.48586	1.30831	0.68098	3.31772	2.42741	3.12542	1.36539	1.40364	2.01547	1.91361	1.94449	1.95380	1.59717	1.76190	1.70089	2.73631	2.72320	1.57808	1.83113	2.37036	2.94852	1.55911	2.71060	3.40935	1.77977	1.91164
0.0000254	2.23178	1.26584	3.18024	1.91307	3.95081	1.09842	1.68674	0.87752	3.16993	1.65581	2.50780	2.80634	2.50577	2.64267	2.67257	2.91649	1.15635	1.39420	3.78595	2.64363	0.70153	3.17342	2.77710	2.80206	2.10635	2.11436	3.30109	2.21299	1.31893	0.63044	3.24157	2.43488	2.75138	1.27801	1.54908	2.02763	1.91631	1.96509	2.20037	1.68731	2.08955	1.71728	3.04150	2.66662	1.64881	1.74980	2.41235	2.84939	1.61127	2.67874	3.65174	1.77404	2.12385
0.0000285	2.23731	1.31150	3.17796	1.90499	3.86295	1.30470	1.65524	0.87771	3.10341	1.67383	2.32443	2.83092	2.47744	2.56587	3.17512	3.00417	1.25947	1.55825	3.56076	2.61596	0.65921	2.99033	2.80012	2.70450	2.13503	2.10989	3.26939	2.32741	1.31225	0.79814	3.20347	2.41519	2.71301	1.48504	1.59787	1.97265	1.89140	1.83879	2.02651	1.74127	1.94938	1.91086	2.87369	2.74387	1.53223	1.92954	2.38432	2.89921	1.61426	2.55557	3.71900	1.78512	2.22155
0.0000320	2.19412	1.31794	3.14419	1.95562	3.67476	1.32695	1.83560	0.76777	3.17368	1.54185	2.48264	2.75984	2.38138	2.56719	3.08140	2.74932	1.21681	1.39182	3.59748	2.52238	0.55908	3.14091	2.90384	2.61326	2.14615	2.01243	3.26017	2.56021	1.23687	0.98073	2.94284	2.44008	2.88993	1.55308	1.33704	2.00639	1.81041	1.92512	2.15825	1.73953	1.87635	1.91185	2.71631	2.60285	1.37793	1.67402	2.43362	2.46428	1.58177	2.46984	3.64928	1.68101	2.02399
0.0000359	2.18233	1.45450	3.05094	1.94424	3.77649	1.47366	1.77452	0.94632	3.13995	1.52378	2.25990	2.76741	2.44043	2.62644	3.09379	2.69439	1.13673	1.56328	3.74816	2.49478	0.66314	2.85741	2.76012	2.27465	2.12779	1.98580	3.04618	2.42174	1.28211	0.99977	3.03612	2.23777	2.90206	1.47541	1.57894	1.93729	1.78047	1.81803	2.23439	1.61882	2.14609	1.74334	2.65095	2.58639	1.58101	1.55027	2.46629	2.62296	1.48277	2.55133	3.53090	1.65895	2.10280
0.0000404	2.20511	1.38831	3.10992	1.93652	3.80028	1.39236	1.57529	0.87481	3.03913	1.80439	2.57301	2.76582	2.20424	2.36137	3.36401	3.00213	1.21802	1.59158	3.48471	2.30598	0.75158	3.10434	2.78102	2.67140	2.21626	1.87947	3.16013	2.56859	1.35187	0.99331	2.90007	2.38044	2.60837	1.53839	1.41646	1.95007	1.72542	2.00571	2.17272	1.59328	1.94148	1.85225	3.00591	2.85017	1.42877	1.72183	2.40569	2.78493	1.52208	2.43319	3.57177	1.77094	1.90396
0.0000453	2.19029	1.31021	3.08629	1.87286	3.56558	1.52683	1.57531	0.77693	2.95205	1.64243	2.44676	2.90258	2.43522	2.45889	3.23659	2.90392	1.26383	1.52929	3.55525	2.64291	0.72105	3.25705	2.66896	2.83240	2.11845	1.95803	3.06959	2.41952	1.24804	0.88599	2.86703	2.15687	2.79038	1.47207	1.31536	2.01278	1.82358	2.00727	2.19461	1.60770	1.59271	2.08120	2.93029	2.55200	1.52472	1.55868	2.42881	2.75245	1.46660	2.41632	3.77513	1.83259	1.88913
0.0000509	2.17170	1.38525	2.96504	1.90378	3.72515	1.29827	1.52118	0.87450	2.86690	1.66937	2.51885	2.73423	2.39205	2.33705	3.20854	2.63709	1.24654	1.56323	3.59649	2.65970	0.85445	2.95542	2.65971	2.43161	2.11982	2.08128	3.05162	2.15171	1.39492	0.93319	2.93562	2.32564	2.67113	1.55227	1.40346	1.88609	1.86530	1.85857	2.20177	1.67983	1.93067	2.10941	2.67680	2.79971	1.51319	1.63338	2.26674	2.80025	1.52847	2.61735	3.15597	1.71533	2.07139
0.0000572	2.14617	1.41128	2.92145	1.83033	3.47034	1.65657	1.55739	0.92975	2.78999	1.69021	2.32854	2.74400	2.38137	2.54958	3.49177	2.81129	1.25312	1.48868	3.40486	2.49724	0.67189	3.00750	2.49760	2.11826	2.01958	2.08080	2.84957	2.45556	1.32159	1.03508	2.91189	2.14027	2.61395	1.42125	1.55423	1.88446	1.91698	1.76160	2.19667	1.66476	1.78682	2.07731	2.66610	2.64446	1.69768	1.64867	2.33578	2.55612	1.50790	2.54236	3.49666	1.64498	1.70501
0.0000643	2.14837	1.43556	3.01973	1.91681	3.53320	1.47456	1.63875	0.88777	2.90014	1.57857	2.53255	2.52552	2.20208	2.45734	3.08062	2.73718	1.29863	1.64186	3.50547	2.37472	0.77411	3.01431	2.57337	2.59295	2.17112	1.91447	2.87016	2.23414	1.48954	1.17838	3.06850	2.14344	2.67927	1.46110	1.43646	1.82099	1.73544	1.83652	1.96150	1.59482	1.90944	2.27471	2.92880	2.58874	1.55746	1.42748	2.39234	2.75904	1.55001	2.36352	3.65578	1.66874	1.50634
0.0000722	2.14374	1.38953	2.90287	1.85218	3.30122	1.55486	1.61131	0.98188	2.88125	1.69725	2.25831	2.70778	2.21807	2.50917	3.32136	2.86350	1.18033	1.54511	3.48988	2.38920	1.00780	3.09742	2.55704	2.62033	2.08161	1.85282	2.83423	2.32987	1.47643	1.15375	2.78488	2.23921	2.75635	1.44613	1.40201	1.64193	1.81695	1.77884	2.16544	1.65102	1.69632	2.32445	2.84426	2.63262	1.41278	1.39748	2.45572	2.50024	1.31804	2.49306	3.71925	1.43721	1.89872
0.0000811	2.11509	1.38851	2.85552	1.95636	3.46480	1.86133	1.35807	1.03911	2.79823	1.65776	2.44060	2.67968	2.16600	2.55629	3.08956	2.84574	1.45751	1.53365	3.75966	2.40707	1.08079	2.93903	2.31566	2.08919	1.89973	1.94429	2.69930	2.04835	1.37345	1.04631	2.64189	2.17610	2.28471	1.40931	1.58834	1.70725	1.72775	1.92588	2.07528	1.57336	1.73878	2.22374	2.84624	2.61131	1.67973	1.69827	2.35300	2.42671	1.46365	2.49324	3.60692	1.60513	1.39019
0.0000911	2.09837	1.39798	2.88523	1.91839	3.35933	1.58614	1.37287	0.95908	2.59037	1.74995	2.42279	2.76318	2.21146	2.39396	3.38304	2.54372	1.33520	1.65013	3.19542	2.48497	0.97740	3.10509	2.22535	2.27431	2.14199	2.02523	2.65504	2.21693	1.40395	1.11244	2.86080	2.00873	2.44280	1.40077	1.54045	1.72666	1.86820	1.85857	1.89319	1.63767	1.55365	2.42287	2.46712	2.67107	1.56801	1.66028	2.19163	2.37200	1.68455	2.47643	3.18923	1.42310	1.94297
0.0001024	2.06614	1.31918	2.67047	1.88686	2.85594	1.83818	1.32261	1.03477	2.66112	1.89472	2.24013	2.53435	2.08793	2.42335	3.28953	2.56352	1.28828	1.55106	3.50505	2.48430	1.32602	2.75459	2.28432	2.12492	2.06442	1.87010	2.45235	2.00502	1.26351	0.95322	2.55513	1.98813	2.39152	1.49232	1.61094	1.67439	1.69376	1.85906	2.04593	1.59886	1.69143	2.38432	2.48608	2.61279	1.38606	1.69850	2.23235	2.51943	1.24876	2.52905	3.79964	1.50730	1.74097
0.0001150	2.04034	1.37670	2.79209	1.68050	2.99289	1.49303	1.34865	0.96205	2.50867	1.80915	2.23469	2.27493	1.91292	2.35323	3.03736	2.40430	1.37982	1.51770	3.50234	2.41355	1.08366	2.77921	2.11857	2.41854	2.02213	1.83978	2.37207	2.10313	1.33744	1.19741	2.90796	2.00887	2.30598	1.52252	1.66183	1.64625	1.61244	1.80990	2.02603	1.54415	1.68455	2.43185	2.65165	2.40794	1.63316	1.57631	2.33670	2.55919	1.38360	2.43063	3.53502	1.65817	1.58471
0.0001292	2.01546	1.44256	2.65579	1.86231	3.12397	1.70107	1.44127	1.05951	2.31676	1.62821	2.08686	2.27930	1.87437	2.33553	3.58780	2.64187	1.51713	1.73471	3.01359	2.13180	1.18856	2.52611	2.03661	2.45643	1.94229	1.95739	2.24887	1.90008	1.44270	0.97081	2.78099	1.81873	2.39725	1.53601	1.60266	1.83605	1.54214	1.76821	1.77479	1.59271	1.61896	2.34584	2.47657	2.32854	1.50513	1.52209	2.15732	2.31568	1.38148	2.45120	3.51891	1.53643	1.95938
0.0001451	1.99652	1.41583	2.72139	1.86257	2.77493	1.82359	1.36517	1.08425	2.32980	1.70117	2.05444	2.44642	1.99399	2.44029	3.53250	2.38466	1.46665	1.52475	3.23656	1.92606	1.23363	2.63618	2.05650	2.71544	1.74312	1.85268	2.23164	1.97636	1.48489	1.07437	2.94176	1.99664	2.24979	1.37888	1.71767	1.64181	1.70381	1.69284	1.71518	1.60487	1.46910	2.38260	2.25147	2.37831	1.43655	1.41994	2.03512	2.42115	1.58235	2.38336	3.26875	1.65503	1.54661
0.0001630	1.94792	1.34425	2.67890	1.69356	2.71772	1.64098	1.17366	1.20072	2.36420	1.47319	2.01953	2.26379	1.64589	2.30647	3.76072	2.30759	1.57469	1.39845	3.34773	2.02023	1.10750	2.50359	1.85813	2.38694	1.98753	1.76909	1.95388	1.75911	1.51931	1.19782	2.67459	1.68299	2.09110	1.39261	1.60120	1.68781	1.53744	1.86939	1.55931	1.51235	1.62111	2.64812	2.75861	2.31548	1.53598	1.39822	2.06986	2.38692	1.23804	2.47049	3.31115	1.35605	1.72492
0.0001831	1.89912	1.39134	2.55315	1.68016	2.53989	1.58972	1.11300	1.29708	2.15964	1.62090	1.90758	1.93445	1.73882	2.23075	3.82997	2.15973	1.39691	1.47212	3.10895	2.23456	1.10084	2.72003	1.77168	2.17729	1.92392	1.66894	1.85253	1.73332	1.39184	0.99587	2.44495	1.79409	2.22191	1.50939	1.72346	1.56070	1.48321	1.88572	1.64289	1.51398	1.41366	2.53922	2.67248	2.10222	1.66135	1.44775	1.90820	2.23736	1.38687	2.03753	3.23581	1.48997	1.69292
0.0002057	1.83400	1.28564	2.57925	1.61090	2.71463	1.68906	1.08124	1.09025	1.94710	1.54471	1.96615	2.41690	1.58113	1.89933	3.46298	2.47479	1.40054	1.37562	2.86825	2.19697	1.12807	2.10056	1.69342	2.05084	2.00552	1.54102	1.70520	1.74814	1.43093	1.09104	2.30713	1.56574	1.89572	1.30259	1.58381	1.46271	1.55976	1.78685	1.65651	1.50205	1.28795	2.56421	2.72545	2.21729	1.56434	1.35452	1.91005	2.00053	1.26492	2.43475	2.78002	1.50284	1.65500
0.0002310	1.76977	1.16828	2.45953	1.70285	2.44176	1.58785	0.98004	1.15327	2.03114	1.63551	1.79431	1.93724	1.66688	2.00964	3.41300	2.33422	1.40227	1.36104	2.54390	1.95286	1.34012	2.25628	1.70937	2.47557	1.95180	1.45752	1.58062	1.62692	1.49555	0.98209	2.45775	1.55308	2.32212	1.06090	1.45023	1.59414	1.50206	1.74972	1.42794	1.45958	1.24508	2.51895	2.15553	1.94290	1.57773	1.24456	1.68075	2.02494	1.07808	2.09012	2.93949	1.41918	1.16995
0.0002595	1.68511	1.19959	2.28171	1.66752	1.80690	1.54452	1.04117	1.25377	1.65022	1.58702	1.78587	1.92294	1.47060	1.92469	3.36839	1.98400	1.44182	1.40219	2.61240	2.17398	1.07512	1.97233	1.55996	2.08486	1.82922	1.52233	1.49863	1.34710	1.44145	1.11329	2.33714	1.36234	2.11755	1.20787	1.47283	1.41672	1.22899	1.57040	1.35039	1.40734	1.25209	2.41112	2.27555	2.06896	1.56322	1.11584	1.85934	1.83790	1.12502	2.19693	2.49022	1.27779	1.22745
0.0002915	1.59201	1.17826	2.08059	1.47452	1.75432	1.47043	0.90732	1.26199	1.66578	1.33267	1.60900	1.92253	1.39141	2.03334	3.07784	2.17772	1.35619	1.21822	2.07700	1.83967	1.06192	1.85211	1.45469	1.83619	1.66429	1.32665	1.39124	1.42399	1.38317	0.93017	2.11289	1.30532	1.80043	1.18361	1.32404	1.18393	1.25648	1.50872	1.38581	1.21442	1.13018	2.39567	1.95371	1.91777	1.60100	1.31916	1.83016	1.88958	1.11936	1.82401	2.63478	1.26805	1.54717
0.0003275	1.48846	1.07723	1.94215	1.43150	1.63695	1.50865	0.82751	1.07725	1.67465	1.41511	1.32338	1.84297	1.36788	1.91809	2.54802	1.82009	1.37760	1.25569	2.06306	1.76911	1.05882	1.88731	1.35550	1.98420	1.74518	1.36656	1.26178	1.10504	1.21500	0.98398	2.26953	1.33752	1.87400	1.07699	1.32505	1.08162	1.21781	1.43721	1.21823	1.28413	1.03185	2.22871	1.77338	1.64286	1.28438	1.12748	1.62799	1.49141	1.11755	1.78545	1.93748	1.10384	1.32786
0.0003678	1.37829	1.01927	1.93483	1.39275	1.49071	1.32312	0.79913	1.11176	1.43080	1.25710	1.21377	1.58587	1.07636	1.93126	2.11283	1.85640	1.37253	1.17401	1.82738	1.29366	1.02303	1.45480	1.12281	1.49849	1.72591	1.20717	1.11071	1.11387	1.23923	1.01930	2.08982	1.33712	1.44631	1.01903	1.00731	1.01642	1.18420	1.21099	1.24601	1.13694	1.11232	2.31781	2.03533	1.59734	1.28599	1.06938	1.54818	1.41829	0.96828	1.78319	1.96698	1.11388	1.23877
0.0004132	1.25571	0.92854	1.70895	1.39262	1.23773	1.34280	0.80672	1.03720	1.24464	1.20995	1.12352	1.42491	0.97491	1.73753	1.97456	1.70625	1.30190	0.96429	1.73324	1.46870	0.93251	1.46867	1.18557	1.65199	1.22704	1.14314	0.85803	1.03024	1.17508	0.79185	1.73692	1.34430	1.31702	1.02625	1.05309	0.96054	0.95452	1.48285	1.06713	1.04330	0.82913	1.79905	1.68939	1.51166	1.23426	0.93124	1.23722	1.50596	0.90425	1.38344	1.57150	0.98049	1.07650
0.0004642	1.12726	0.82232	1.49134	1.21641	1.27383	1.16981	0.78656	1.04351	1.27777	1.11060	0.88764	1.24824	1.07101	1.48221	1.68980	1.23592	1.12926	0.96496	1.45684	1.30429	0.86099	1.23072	1.03389	1.32108	1.32481	0.98505	0.88448	0.75297	0.96171	0.67300	1.61859	0.96885	1.25302	0.87714	0.99256	0.81088	0.89053	1.16159	0.99686	0.90889	0.77681	1.64025	1.64041	1.40053	1.14317	0.88732	1.04976	1.31508	0.82359	1.57360	1.43627	0.83750	0.98260
0.0005214	0.98495	0.72056	1.33992	0.98541	1.04310	0.79977	0.59880	0.90623	1.18908	0.83049	0.91961	1.10670	0.81555	1.40553	1.37719	1.11609	1.02622	0.94363	1.14563	1.07781	0.70903	1.11964	0.80065	1.27693	1.19439	0.71697	0.76434	0.72724	0.86790	0.72095	1.41044	1.04758	1.10215	0.67313	0.74525	0.85768	0.89667	1.04561	0.91965	0.84793	0.74488	1.39760	1.37171	1.10029	0.97583	0.71379	1.13250	1.15840	0.76588	1.13149	1.33638	0.80752	0.88026
0.0005857	0.84170	0.58639	1.14009	1.00431	0.81394	0.94903	0.54240	0.71411	1.00430	0.82268	0.85509	0.80199	0.64545	0.92029	1.23230	1.13981	0.89027	0.71973	1.10697	0.92207	0.73873	0.85499	0.85175	1.03172	1.02356	0.68652	0.61733	0.58723	0.93230	0.54293	1.14954	0.93886	0.80431	0.53874	0.65448	0.64415	0.66422	0.83992	0.66541	0.70657	0.54029	1.30006	1.15055	1.06110	0.85477	0.65756	0.87255	0.89107	0.57883	1.14262	1.12809	0.63779	0.71153
0.0006579	0.70079	0.50240	0.90145	0.78650	0.62722	0.71469	0.47657	0.69352	0.82522	0.67808	0.54037	0.82349	0.63437	0.78591	1.18985	1.00134	0.69856	0.67016	0.90079	0.68801	0.58834	0.80822	0.61041	0.96074	0.81448	0.64069	0.47902	0.48830	0.78277	0.46708	0.90740	0.73063	0.69428	0.51079	0.58813	0.50349	0.62426	0.61081	0.53647	0.68559	0.52787	0.86146	0.80123	0.91851	0.80668	0.54681	0.65453	0.70174	0.55940	0.85801	0.89912	0.49257	0.64505
0.0007391	0.57003	0.44718	0.73838	0.65238	0.53122	0.55366	0.49344	0.52055	0.61010	0.46630	0.52896	0.58034	0.49380	0.68506	0.84417	0.83815	0.62304	0.46983	0.64400	0.54789	0.44306	0.65487	0.51108	0.68058	0.67546	0.49325	0.43803	0.42521	0.58376	0.42942	0.79849	0.73809	0.60967	0.44268	0.46118	0.50826	0.53143	0.55084	0.47266	0.48263	0.47054	0.74104	0.76357	0.62908	0.59691	0.45608	0.49039	0.60003	0.45077	0.70297	0.63523	0.44763	0.50361
0.0008302	0.47742	0.41750	0.56512	0.48749	0.46826	0.46577	0.44496	0.50396	0.48858	0.43341	0.46105	0.47460	0.45394	0.61838	0.63123	0.54243	0.48233	0.42265	0.52289	0.46608	0.41754	0.51677	0.45045	0.56358	0.58226	0.44475	0.44962	0.41716	0.46091	0.40517	0.52224	0.47242	0.45895	0.40888	0.41186	0.46493	0.45235	0.46028	0.42524	0.43259	0.43217	0.57897	0.59971	0.52267	0.47392	0.41638	0.43879	0.49756	0.42467	0.51194	0.51187	0.43576	0.44052
0.0009326	0.47240	0.44005	0.51208	0.44123	0.45126	0.45882	0.46985	0.44489	0.42919	0.48893	0.45944	0.47447	0.46643	0.45052	0.54377	0.49082	0.44058	0.43255	0.47827	0.49727	0.48951	0.45970	0.44317	0.56449	0.51045	0.45756	0.54146	0.53941	0.46542	0.49775	0.47082	0.44082	0.45781	0.51164	0.47122	0.47159	0.51603	0.44740	0.47044	0.45694	0.46998	0.45740	0.49668	0.44361	0.46542	0.48470	0.46680	0.42349	0.49339	0.48237	0.43416	0.46487	0.43530
0.0010476	0.54900	0.49442	0.59520	0.52910	0.56605	0.58874	0.57645	0.54078	0.53466	0.52339	0.55150	0.49413	0.55007	0.50784	0.47540	0.47728	0.50513	0.57467	0.49756	0.53395	0.64398	0.51578	0.56410	0.51778	0.51273	0.62880	0.60457	0.60100	0.55444	0.59456	0.51127	0.55078	0.54473	0.57932	0.58123	0.57024	0.55242	0.53079	0.58087	0.55580	0.58495	0.53884	0.48754	0.56706	0.54652	0.53764	0.53739	0.52079	0.57257	0.49446	0.48300	0.69216	0.56525
0.0011768	1.33206	1.28789	1.38887	1.31606	1.29210	1.28690	1.31867	1.35805	1.26595	1.35204	1.28680	1.31201	1.29402	1.34430	1.43349	1.38763	1.31698	1.29944	1.40006	1.32999	1.30839	1.37751	1.32984	1.44903	1.36073	1.30325	1.31866	1.32134	1.28024	1.33405	1.35186	1.31965	1.30486	1.31969	1.35885	1.31432	1.30469	1.30990	1.32618	1.28420	1.32070	1.32571	1.44564	1.32386	1.28800	1.31384	1.33266	1.36815	1.30569	1.41749	1.30949	1.36476	1.31514
0.0013219	1.88872	1.85834	1.93626	1.91294	1.85997	1.85829	1.86254	1.93223	1.86507	1.85812	1.86498	1.90001	1.86610	1.92744	1.94604	1.93362	1.89527	1.86533	1.93770	1.87671	1.85834	1.93941	1.89760	1.94253	1.92176	1.85905	1.85458	1.86906	1.86484	1.86631	1.93768	1.88932	1.87852	1.85456	1.89114	1.86199	1.88971	1.92515	1.86213	1.86229	1.85797	1.91564	1.92801	1.89152	1.86616	1.87710	1.91197	1.88163	1.85875	1.93611	1.89416	1.85890	1.86986
0.0014850	2.12941	2.09625	2.16764	2.16259	2.10610	2.10143	2.10319	2.16242	2.11280	2.07766	2.11755	2.14941	2.12031	2.16744	2.17552	2.16617	2.14684	2.10867	2.16025	2.11624	2.10864	2.17112	2.14600	2.17324	2.15811	2.09853	2.08662	2.12032	2.11094	2.10861	2.17230	2.14138	2.12872	2.08368	2.13729	2.10355	2.14991	2.16945	2.09697	2.10950	2.09268	2.16290	2.15129	2.13752	2.09980	2.13685	2.15917	2.11350	2.09664	2.16200	2.14231	2.07119	2.11522
0.0016681	2.29033	2.26914	2.31052	2.30752	2.28309	2.27560	2.28106	2.30219	2.28649	2.24767	2.29535	2.30177	2.29346	2.31122	2.31500	2.30785	2.30170	2.28108	2.29867	2.28069	2.29181	2.31013	2.30131	2.31335	2.30315	2.27408	2.26115	2.29264	2.28425	2.27865	2.31051	2.30203	2.29376	2.25531	2.29692	2.28174	2.30833	2.31061	2.26937	2.28516	2.27115	2.31063	2.29434	2.29454	2.26713	2.30572	2.30578	2.27715	2.27375	2.30187	2.29916	2.23368	2.28674
0.0018738	2.39744	2.38790	2.40683	2.40345	2.39708	2.39105	2.39817	2.39896	2.39705	2.38079	2.40314	2.40114	2.39862	2.40681	2.40941	2.40377	2.40224	2.39456	2.39552	2.39067	2.40086	2.40457	2.40188	2.40798	2.40030	2.39265	2.38857	2.39891	2.39587	2.38790	2.40413	2.40378	2.39841	2.38490	2.40037	2.39823	2.40698	2.40578	2.38788	2.39521	2.39546	2.40748	2.39394	2.39676	2.38364	2.40769	2.40269	2.39027	2.39577	2.39813	2.40051	2.36569	2.39659
0.0021049	2.47704	2.47293	2.48158	2.47876	2.47741	2.47295	2.47940	2.47595	2.47616	2.47404	2.48040	2.47830	2.47581	2.48150	2.48368	2.47928	2.47976	2.47584	2.47311	2.47269	2.47933	2.47942	2.47886	2.48246	2.47644	2.47500	2.47538	2.47735	2.47531	2.46962	2.47852	2.48070	2.47655	2.47512	2.47861	2.47871	2.48226	2.48089	2.47147	2.47415	2.47899	2.48285	2.47315	2.47510	2.46961	2.48348	2.47871	2.47350	2.47840	2.47474	2.47756	2.46766	2.47684
0.0023645	2.54292	2.54023	2.54549	2.54311	2.54347	2.54024	2.54523	2.54164	2.54184	2.54315	2.54480	2.54379	2.54092	2.54520	2.54711	2.54373	2.54508	2.54243	2.53949	2.54018	2.54496	2.54365	2.54388	2.54616	2.54151	2.54160	2.54262	2.54282	2.54110	2.53735	2.54250	2.54543	2.54204	2.54337	2.54407	2.54413	2.54605	2.54505	2.53907	2.54025	2.54510	2.54688	2.54044	2.54129	2.53973	2.54726	2.54358	2.54111	2.54414	2.54049	2.54255	2.54110	2.54325
0.0026561	2.60009	2.59823	2.60202	2.59974	2.60065	2.59868	2.60204	2.59910	2.59922	2.60083	2.60109	2.60097	2.59807	2.60120	2.60287	2.60033	2.60188	2.59997	2.59750	2.59825	2.60191	2.60021	2.60072	2.60220	2.59876	2.59913	2.59994	2.59978	2.59857	2.59588	2.59897	2.60191	2.59918	2.60077	2.60099	2.60079	2.60202	2.60136	2.59737	2.59808	2.60190	2.60292	2.59878	2.59901	2.59935	2.60308	2.60047	2.59911	2.60088	2.59827	2.59947	2.59969	2.60069
0.0029836	2.65056	2.64924	2.65199	2.65009	2.65101	2.65018	2.65208	2.64988	2.65005	2.65120	2.65104	2.65139	2.64882	2.65101	2.65240	2.65058	2.65195	2.65060	2.64864	2.64924	2.65204	2.65047	2.65102	2.65198	2.64960	2.64982	2.65032	2.65013	2.64948	2.64755	2.64926	2.65188	2.64972	2.65103	2.65126	2.65084	2.65173	2.65130	2.64871	2.64922	2.65192	2.65255	2.64989	2.64989	2.65092	2.65260	2.65086	2.64997	2.65104	2.64939	2.64996	2.65034	2.65118
0.0033516	2.69540	2.69442	2.69640	2.69499	2.69570	2.69560	2.69651	2.69497	2.69522	2.69585	2.69560	2.69609	2.69406	2.69550	2.69659	2.69537	2.69639	2.69549	2.69399	2.69444	2.69649	2.69530	2.69575	2.69635	2.69487	2.69483	2.69507	2.69495	2.69472	2.69352	2.69420	2.69632	2.69470	2.69563	2.69592	2.69540	2.69609	2.69580	2.69422	2.69459	2.69637	2.69675	2.69503	2.69497	2.69604	2.69675	2.69567	2.69500	2.69571	2.69472	2.69495	2.69519	2.69590
0.0037649	2.73533	2.73465	2.73598	2.73503	2.73547	2.73569	2.73606	2.73507	2.73535	2.73559	2.73539	2.73583	2.73440	2.73529	2.73606	2.73530	2.73597	2.73540	2.73432	2.73465	2.73605	2.73529	2.73558	2.73593	2.73512	2.73490	2.73498	2.73494	2.73495	2.73434	2.73438	2.73593	2.73479	2.73539	2.73569	2.73519	2.73571	2.73551	2.73461	2.73488	2.73596	2.73617	2.73508	2.73504	2.73588	2.73617	2.73555	2.73503	2.73554	2.73497	2.73505	2.73516	2.73567
0.0042292	2.77084	2.77044	2.77122	2.77065	2.77087	2.77114	2.77128	2.77070	2.77094	2.77097	2.77086	2.77116	2.77028	2.77080	2.77125	2.77085	2.77122	2.77089	2.77022	2.77042	2.77127	2.77086	2.77101	2.77120	2.77082	2.77056	2.77055	2.77059	2.77066	2.77042	2.77021	2.77120	2.77050	2.77083	2.77107	2.77070	2.77105	2.77091	2.77044	2.77062	2.77122	2.77132	2.77068	2.77068	2.77121	2.77132	2.77100	2.77064	2.77098	2.77067	2.77071	2.77075	2.77104
0.0047508	2.80235	2.80218	2.80253	2.80225	2.80232	2.80251	2.80255	2.80229	2.80242	2.80240	2.80234	2.80250	2.80207	2.80234	2.80253	2.80236	2.80252	2.80237	2.80207	2.80216	2.80255	2.80237	2.80243	2.80252	2.80238	2.80222	2.80218	2.80224	2.80228	2.80220	2.80203	2.80252	2.80220	2.80233	2.80246	2.80229	2.80244	2.80237	2.80216	2.80225	2.80253	2.80257	2.80228	2.80226	2.80253	2.80257	2.80243	2.80226	2.80242	2.80227	2.80229	2.80231	2.80243
0.0053367	2.83016	2.83011	2.83020	2.83012	2.83014	2.83019	2.83020	2.83014	2.83016	2.83015	2.83013	2.83018	2.83007	2.83015	2.83019	2.83014	2.83019	2.83015	2.83010	2.83016	2.83020	2.83014	2.83016	2.83018	2.83015	2.83019	2.83014	2.83014	2.83013	2.83011	2.83010	2.83019	2.83019	2.83017	2.83017	2.83017	2.83017	2.83016	2.83011	2.83013	2.83019	2.83020	2.83020	2.83011	2.83019	2.83020	2.83016	2.83021	2.83016	2.83011	2.83012	2.83014	2.83016
0.0059948	2.85450	2.85444	2.85464	2.85454	2.85464	2.85444	2.85444	2.85451	2.85444	2.85446	2.85445	2.85444	2.85453	2.85448	2.85444	2.85444	2.85444	2.85447	2.85453	2.85462	2.85444	2.85445	2.85444	2.85444	2.85444	2.85471	2.85466	2.85452	2.85448	2.85449	2.85463	2.85444	2.85471	2.85454	2.85444	2.85452	2.85445	2.85450	2.85456	2.85451	2.85444	2.85444	2.85470	2.85446	2.85444	2.85444	2.85444	2.85470	2.85445	2.85445	2.85445	2.85447	2.85445
0.0067342	2.87558	2.87547	2.87587	2.87566	2.87597	2.87547	2.87547	2.87559	2.87547	2.87552	2.87551	2.87547	2.87565	2.87551	2.87547	2.87548	2.87547	2.87552	2.87558	2.87571	2.87547	2.87550	2.87548	2.87547	2.87548	2.87597	2.87590	2.87557	2.87554	2.87557	2.87582	2.87547	2.87595	2.87562	2.87548	2.87554	2.87548	2.87557	2.87569	2.87559	2.87547	2.87547	2.87595	2.87552	2.87547	2.87547	2.87548	2.87587	2.87549	2.87552	2.87551	2.87552	2.87550
0.0075646	2.89351	2.89339	2.89380	2.89362	2.89374	2.89339	2.89338	2.89349	2.89339	2.89344	2.89342	2.89339	2.89361	2.89342	2.89339	2.89340	2.89339	2.89344	2.89348	2.89359	2.89338	2.89341	2.89340	2.89339	2.89339	2.89408	2.89395	2.89346	2.89345	2.89351	2.89383	2.89339	2.89400	2.89351	2.89339	2.89343	2.89340	2.89350	2.89361	2.89352	2.89339	2.89338	2.89406	2.89344	2.89339	2.89338	2.89340	2.89380	2.89340	2.89345	2.89343	2.89342	2.89342
0.0084975	2.90837	2.90826	2.90859	2.90849	2.90835	2.90826	2.90826	2.90833	2.90826	2.90831	2.90829	2.90826	2.90857	2.90828	2.90826	2.90827	2.90826	2.90831	2.90832	2.90838	2.90826	2.90828	2.90828	2.90826	2.90826	2.90911	2.90883	2.90830	2.90830	2.90839	2.90876	2.90826	2.90889	2.90834	2.90826	2.90828	2.90827	2.90836	2.90841	2.90837	2.90826	2.90826	2.90911	2.90830	2.90826	2.90826	2.90827	2.90855	2.90827	2.90831	2.90830	2.90828	2.90829
0.0095455	2.92019	2.92008	2.92045	2.92026	2.92010	2.92008	2.92008	2.92012	2.92009	2.92011	2.92010	2.92009	2.92083	2.92009	2.92009	2.92009	2.92008	2.92012	2.92011	2.92014	2.92008	2.92009	2.92009	2.92009	2.92009	2.92102	2.92043	2.92010	2.92011	2.92022	2.92063	2.92008	2.92060	2.92012	2.92009	2.92009	2.92009	2.92015	2.92015	2.92016	2.92008	2.92008	2.92103	2.92011	2.92008	2.92008	2.92009	2.92022	2.92009	2.92013	2.92011	2.92010	2.92010
0.0107227	2.92881	2.92873	2.92891	2.92884	2.92874	2.92873	2.92873	2.92875	2.92873	2.92875	2.92874	2.92873	2.92918	2.92874	2.92873	2.92873	2.92873	2.92875	2.92875	2.92876	2.92873	2.92874	2.92874	2.92873	2.92873	2.92958	2.92884	2.92874	2.92874	2.92890	2.92938	2.92873	2.92904	2.92874	2.92873	2.92873	2.92873	2.92877	2.92875	2.92878	2.92873	2.92873	2.92955	2.92875	2.92873	2.92873	2.92873	2.92878	2.92874	2.92876	2.92875	2.92874	2.92874
0.0120450	2.93398	2.93393	2.93399	2.93398	2.93393	2.93393	2.93393	2.93394	2.93393	2.93394	2.93394	2.93393	2.93396	2.93393	2.93393	2.93393	2.93393	2.93394	2.93394	2.93394	2.93393	2.93393	2.93394	2.93393	2.93393	2.93440	2.93395	2.93394	2.93394	2.93427	2.93487	2.93393	2.93406	2.93394	2.93393	2.93393	2.93393	2.93395	2.93394	2.93395	2.93393	2.93393	2.93434	2.93394	2.93393	2.93393	2.93393	2.93395	2.93394	2.93395	2.93394	2.93393	2.93393
0.0135305	2.93518	2.93513	2.93515	2.93515	2.93514	2.93513	2.93513	2.93514	2.93513	2.93514	2.93514	2.93513	2.93514	2.93513	2.93513	2.93513	2.93513	2.93514	2.93514	2.93514	2.93513	2.93513	2.93514	2.93513	2.93513	2.93526	2.93514	2.93514	2.93514	2.93609	2.93587	2.93513	2.93517	2.93514	2.93513	2.93513	2.93513	2.93514	2.93514	2.93514	2.93513	2.93513	2.93523	2.93514	2.93513	2.93513	2.93513	2.93514	2.93514	2.93515	2.93514	2.93514	2.93514
0.0151991	2.93126	2.93125	2.93126	2.93126	2.93125	2.93125	2.93125	2.93125	2.93125	2.93125	2.93125	2.93125	2.93125	2.93125	2.93125	2.93125	2.93125	2.93126	2.93125	2.93125	2.93125	2.93125	2.93125	2.93125	2.93125	2.93127	2.93125	2.93125	2.93125	2.93127	2.93135	2.93125	2.93126	2.93125	2.93125	2.93125	2.93125	2.93126	2.93125	2.93125	2.93125	2.93125	2.93127	2.93125	2.93125	2.93125	2.93125	2.93125	2.93126	2.93127	2.93126	2.93125	2.93125
0.0170735	2.92000	2.91998	2.91998	2.91998	2.91998	2.91998	2.91998	2.91998	2.91998	2.91998	2.91998	2.91998	2.91998	2.91998	2.91998	2.91998	2.91998	2.91998	2.91998	2.91998	2.91998	2.91998	2.91998	2.91998	2.91998	2.91998	2.91998	2.91998	2.91998	2.91998	2.92006	2.91998	2.91998	2.91998	2.91998	2.91998	2.91998	2.91998	2.91998	2.91998	2.91998	2.91998	2.91998	2.91998	2.91998	2.91998	2.91998	2.91998	2.92072	2.92000	2.91998	2.91998	2.91998
0.0191791	2.89573	2.89573	2.89573	2.89573	2.89573	2.89573	2.89573	2.89573	2.89573	2.89573	2.89573	2.89573	2.89573	2.89573	2.89573	2.89573	2.89573	2.89573	2.89575	2.89573	2.89573	2.89573	2.89573	2.89573	2.89573	2.89573	2.89573	2.89573	2.89573	2.89573	2.89573	2.89573	2.89573	2.89573	2.89573	2.89573	2.89573	2.89573	2.89573	2.89573	2.89573	2.89573	2.89573	2.89573	2.89573	2.89573	2.89573	2.89573	2.89573	2.89594	2.89579	2.89573	2.89573
0.0215444	2.83956	2.83956	2.83956	2.83956	2.83956	2.83956	2.83956	2.83956	2.83956	2.83956	2.83956	2.83956	2.83946	2.83956	2.83956	2.83956	2.83956	2.83956	2.83956	2.83956	2.83956	2.83956	2.83956	2.83956	2.83956	2.83956	2.83938	2.83952	2.83956	2.83956	2.83956	2.83956	2.83956	2.83956	2.83956	2.83956	2.83956	2.83956	2.83956	2.83956	2.83956	2.83956	2.83956	2.83956	2.83956	2.83956	2.83956	2.83956	2.83956	2.83954	2.83956	2.83956	2.83956
0.0242013	2.59480	2.59427	2.59518	2.59343	2.59493	2.59518	2.59521	2.59500	2.59518	2.59419	2.59501	2.59518	2.59378	2.59475	2.59506	2.59516	2.59521	2.59438	2.59411	2.59442	2.59519	2.59516	2.59471	2.59510	2.59516	2.59432	2.59458	2.59439	2.59492	2.59488	2.59379	2.59514	2.59461	2.59510	2.59513	2.59511	2.59521	2.59453	2.59501	2.59450	2.59517	2.59518	2.59467	2.59503	2.59518	2.59521	2.59450	2.59485	2.59494	2.59427	2.59442	2.59494	2.59514
0.0271859	2.46104	2.46104	2.46104	2.46104	2.46104	2.46104	2.46104	2.46104	2.46104	2.46104	2.46104	2.46104	2.46104	2.46104	2.46104	2.46104	2.46104	2.46104	2.46104	2.46104	2.46104	2.46104	2.46104	2.46104	2.46104	2.46104	2.46104	2.46104	2.46104	2.46104	2.46104	2.46104	2.46104	2.46104	2.46104	2.46104	2.46104	2.46104	2.46104	2.46104	2.46104	2.46104	2.46104	2.46104	2.46104	2.46104	2.46104	2.46104	2.46104	2.46104	2.46104	2.46104	2.46104
0.0305386	2.46104	2.46104	2.46104	2.46104	2.46104	2.46104	2.46104	2.46104	2.46104	2.46104	2.46104	2.46104	2.46104	2.46104	2.46104	2.46104	2.46104	2.46104	2.46104	2.46104	2.46104	2.46104	2.46104	2.46104	2.46104	2.46104	2.46104	2.46104	2.46104	2.46104	2.46104	2.46104	2.46104	2.46104	2.46104	2.46104	2.46104	2.46104	2.46104	2.46104	2.46104	2.46104	2.46104	2.46104	2.46104	2.46104	2.46104	2.46104	2.46104	2.46104	2.46104	2.46104	2.46104
0.0343047	2.46104	2.46104	2.46104	2.46104	2.46104	2.46104	2.46104	2.46104	2.46104	2.46104	2.46104	2.46104	2.46104	2.46104	2.46104	2.46104	2.46104	2.46104	2.46104	2.46104	2.46104	2.46104	2.46104	2.46104	2.46104	2.46104	2.46104	2.46104	2.46104	2.46104	2.46104	2.46104	2.46104	2.46104	2.46104	2.46104	2.46104	2.46104	2.46104	2.46104	2.46104	2.46104	2.46104	2.46104	2.46104	2.46104	2.46104	2.46104	2.46104	2.46104	2.46104	2.46104	2.46104
0.0385353	2.46104	2.46104	2.46104	2.46104	2.46104	2.46104	2.46104	2.46104	2.46104	2.46104	2.46104	2.46104	2.46104	2.46104	2.46104	2.46104	2.46104	2.46104	2.46104	2.46104	2.46104	2.46104	2.46104	2.46104	2.46104	2.46104	2.46104	2.46104	2.46104	2.46104	2.46104	2.46104	2.46104	2.46104	2.46104	2.46104	2.46104	2.46104	2.46104	2.46104	2.46104	2.46104	2.46104	2.46104	2.46104	2.46104	2.46104	2.46104	2.46104	2.46104	2.46104	2.46104	2.46104
0.0432876	2.46104	2.46104	2.46104	2.46104	2.46104	2.46104	2.46104	2.46104	2.46104	2.46104	2.46104	2.46104	2.46104	2.46104	2.46104	2.46104	2.46104	2.46104	2.46104	2.46104	2.46104	2.46104	2.46104	2.46104	2.46104	2.46104	2.46104	2.46104	2.46104	2.46104	2.46104	2.46104	2.46104	2.46104	2.46104	2.46104	2.46104	2.46104	2.46104	2.46104	2.46104	2.46104	2.46104	2.46104	2.46104	2.46104	2.46104	2.46104	2.46104	2.46104	2.46104	2.46104	2.46104
0.0486260	2.46104	2.46104	2.46104	2.46104	2.46104	2.46104	2.46104	2.46104	2.46104	2.46104	2.46104	2.46104	2.46104	2.46104	2.46104	2.46104	2.46104	2.46104	2.46104	2.46104	2.46104	2.46104	2.46104	2.46104	2.46104	2.46104	2.46104	2.46104	2.46104	2.46104	2.46104	2.46104	2.46104	2.46104	2.46104	2.46104	2.46104	2.46104	2.46104	2.46104	2.46104	2.46104	2.46104	2.46104	2.46104	2.46104	2.46104	2.46104	2.46104	2.46104	2.46104	2.46104	2.46104
0.0546228	2.46104	2.46104	2.46104	2.46104	2.46104	2.46104	2.46104	2.46104	2.46104	2.46104	2.46104	2.46104	2.46104	2.46104	2.46104	2.46104	2.46104	2.46104	2.46104	2.46104	2.46104	2.46104	2.46104	2.46104	2.46104	2.46104	2.46104	2.46104	2.46104	2.46104	2.46104	2.46104	2.46104	2.46104	2.46104	2.46104	2.46104	2.46104	2.46104	2.46104	2.46104	2.46104	2.46104	2.46104	2.46104	2.46104	2.46104	2.46104	2.46104	2.46104	2.46104	2.46104	2.46104
0.0613591	2.46104	2.46104	2.46104	2.46104	2.46104	2.46104	2.46104	2.46104	2.46104	2.46104	2.46104	2.46104	2.46104	2.46104	2.46104	2.46104	2.46104	2.46104	2.46104	2.46104	2.46104	2.46104	2.46104	2.46104	2.46104	2.46104	2.46104	2.46104	2.46104	2.46104	2.46104	2.46104	2.46104	2.46104	2.46104	2.46104	2.46104	2.46104	2.46104	2.46104	2.46104	2.46104	2.46104	2.46104	2.46104	2.46104	2.46104	2.46104	2.46104	2.46104	2.46104	2.46104	2.46104
0.0689261	2.46104	2.46104	2.46104	2.46104	2.46104	2.46104	2.46104	2.46104	2.46104	2.46104	2.46104	2.46104	2.46104	2.46104	2.46104	2.46104	2.46104	2.46104	2.46104	2.46104	2.46104	2.46104	2.46104	2.46104	2.46104	2.46104	2.46104	2.46104	2.46104	2.46104	2.46104	2.46104	2.46104	2.46104	2.46104	2.46104	2.46104	2.46104	2.46104	2.46104	2.46104	2.46104	2.46104	2.46104	2.46104	2.46104	2.46104	2.46104	2.46104	2.46104	2.46104	2.46104	2.46104
0.0774264	2.46104	2.46104	2.46104	2.46104	2.46104	2.46104	2.46104	2.46104	2.46104	2.46104	2.46104	2.46104	2.46104	2.46104	2.46104	2.46104	2.46104	2.46104	2.46104	2.46104	2.46104	2.46104	2.46104	2.46104	2.46104	2.46104	2.46104	2.46104	2.46104	2.46104	2.46104	2.46104	2.46104	2.46104	2.46104	2.46104	2.46104	2.46104	2.46104	2.46104	2.46104	2.46104	2.46104	2.46104	2.46104	2.46104	2.46104	2.46104	2.46104	2.46104	2.46104	2.46104	2.46104
0.0869749	2.46104	2.46104	2.46104	2.46104	2.46104	2.46104	2.46104	2.46104	2.46104	2.46104	2.46104	2.46104	2.46104	2.46104	2.46104	2.46104	2.46104	2.46104	2.46104	2.46104	2.46104	2.46104	2.46104	2.46104	2.46104	2.46104	2.46104	2.46104	2.46104	2.46104	2.46104	2.46104	2.46104	2.46104	2.46104	2.46104	2.46104	2.46104	2.46104	2.46104	2.46104	2.46104	2.46104	2.46104	2.46104	2.46104	2.46104	2.46104	2.46104	2.46104	2.46104	2.46104	2.46104
0.0977010	2.46104	2.46104	2.46104	2.46104	2.46104	2.46104	2.46104	2.46104	2.46104	2.46104	2.46104	2.46104	2.46104	2.46104	2.46104	2.46104	2.46104	2.46104	2.46104	2.46104	2.46104	2.46104	2.46104	2.46104	2.46104	2.46104	2.46104	2.46104	2.46104	2.46104	2.46104	2.46104	2.46104	2.46104	2.46104	2.46104	2.46104	2.46104	2.46104	2.46104	2.46104	2.46104	2.46104	2.46104	2.46104	2.46104	2.46104	2.46104	2.46104	2.46104	2.46104	2.46104	2.46104
0.1097499	2.46104	2.46104	2.46104	2.46104	2.46104	2.46104	2.46104	2.46104	2.46104	2.46104	2.46104	2.46104	2.46104	2.46104	2.46104	2.46104	2.46104	2.46104	2.46104	2.46104	2.46104	2.46104	2.46104	2.46104	2.46104	2.46104	2.46104	2.46104	2.46104	2.46104	2.46104	2.46104	2.46104	2.46104	2.46104	2.46104	2.46104	2.46104	2.46104	2.46104	2.46104	2.46104	2.46104	2.46104	2.46104	2.46104	2.46104	2.46104	2.46104	2.46104	2.46104	2.46104	2.46104
0.1232847	2.46104	2.46104	2.46104	2.46104	2.46104	2.46104	2.46104	2.46104	2.46104	2.46104	2.46104	2.46104	2.46104	2.46104	2.46104	2.46104	2.46104	2.46104	2.46104	2.46104	2.46104	2.46104	2.46104	2.46104	2.46104	2.46104	2.46104	2.46104	2.46104	2.46104	2.46104	2.46104	2.46104	2.46104	2.46104	2.46104	2.46104	2.46104	2.46104	2.46104	2.46104	2.46104	2.46104	2.46104	2.46104	2.46104	2.46104	2.46104	2.46104	2.46104	2.46104	2.46104	2.46104
0.1384886	2.46104	2.46104	2.46104	2.46104	2.46104	2.46104	2.46104	2.46104	2.46104	2.46104	2.46104	2.46104	2.46104	2.46104	2.46104	2.46104	2.46104	2.46104	2.46104	2.46104	2.46104	2.46104	2.46104	2.46104	2.46104	2.46104	2.46104	2.46104	2.46104	2.46104	2.46104	2.46104	2.46104	2.46104	2.46104	2.46104	2.46104	2.46104	2.46104	2.46104	2.46104	2.46104	2.46104	2.46104	2.46104	2.46104	2.46104	2.46104	2.46104	2.46104	2.46104	2.46104	2.46104
0.1555676	2.46104	2.46104	2.46104	2.46104	2.46104	2.46104	2.46104	2.46104	2.46104	2.46104	2.46104	2.46104	2.46104	2.46104	2.46104	2.46104	2.46104	2.46104	2.46104	2.46104	2.46104	2.46104	2.46104	2.46104	2.46104	2.46104	2.46104	2.46104	2.46104	2.46104	2.46104	2.46104	2.46104	2.46104	2.46104	2.46104	2.46104	2.46104	2.46104	2.46104	2.46104	2.46104	2.46104	2.46104	2.46104	2.46104	2.46104	2.46104	2.46104	2.46104	2.46104	2.46104	2.46104
0.1747529	2.46104	2.46104	2.46104	2.46104	2.46104	2.46104	2.46104	2.46104	2.46104	2.46104	2.46104	2.46104	2.46104	2.46104	2.46104	2.46104	2.46104	2.46104	2.46104	2.46104	2.46104	2.46104	2.46104	2.46104	2.46104	2.46104	2.46104	2.46104	2.46104	2.46104	2.46104	2.46104	2.46104	2.46104	2.46104	2.46104	2.46104	2.46104	2.46104	2.46104	2.46104	2.46104	2.46104	2.46104	2.46104	2.46104	2.46104	2.46104	2.46104	2.46104	2.46104	2.46104	2.46104
0.1963040	2.46104	2.46104	2.46104	2.46104	2.46104	2.46104	2.46104	2.46104	2.46104	2.46104	2.46104	2.46104	2.46104	2.46104	2.46104	2.46104	2.46104	2.46104	2.46104	2.46104	2.46104	2.46104	2.46104	2.46104	2.46104	2.46104	2.46104	2.46104	2.46104	2.46104	2.46104	2.46104	2.46104	2.46104	2.46104	2.46104	2.46104	2.46104	2.46104	2.46104	2.46104	2.46104	2.46104	2.46104	2.46104	2.46104	2.46104	2.46104	2.46104	2.46104	2.46104	2.46104	2.46104
0.2205130	2.46104	2.46104	2.46104	2.46104	2.46104	2.46104	2.46104	2.46104	2.46104	2.46104	2.46104	2.46104	2.46104	2.46104	2.46104	2.46104	2.46104	2.46104	2.46104	2.46104	2.46104	2.46104	2.46104	2.46104	2.46104	2.46104	2.46104	2.46104	2.46104	2.46104	2.46104	2.46104	2.46104	2.46104	2.46104	2.46104	2.46104	2.46104	2.46104	2.46104	2.46104	2.46104	2.46104	2.46104	2.46104	2.46104	2.46104	2.46104	2.46104	2.46104	2.46104	2.46104	2.46104
0.2477076	2.46104	2.46104	2.46104	2.46104	2.46104	2.46104	2.46104	2.46104	2.46104	2.46104	2.46104	2.46104	2.46104	2.46104	2.46104	2.46104	2.46104	2.46104	2.46104	2.46104	2.46104	2.46104	2.46104	2.46104	2.46104	2.46104	2.46104	2.46104	2.46104	2.46104	2.46104	2.46104	2.46104	2.46104	2.46104	2.46104	2.46104	2.46104	2.46104	2.46104	2.46104	2.46104	2.46104	2.46104	2.46104	2.46104	2.46104	2.46104	2.46104	2.46104	2.46104	2.46104	2.46104
0.2782559	2.46104	2.46104	2.46104	2.46104	2.46104	2.46104	2.46104	2.46104	2.46104	2.46104	2.46104	2.46104	2.46104	2.46104	2.46104	2.46104	2.46104	2.46104	2.46104	2.46104	2.46104	2.46104	2.46104	2.46104	2.46104	2.46104	2.46104	2.46104	2.46104	2.46104	2.46104	2.46104	2.46104	2.46104	2.46104	2.46104	2.46104	2.46104	2.46104	2.46104	2.46104	2.46104	2.46104	2.46104	2.46104	2.46104	2.46104	2.46104	2.46104	2.46104	2.46104	2.46104	2.46104
0.3125716	2.46104	2.46104	2.46104	2.46104	2.46104	2.46104	2.46104	2.46104	2.46104	2.46104	2.46104	2.46104	2.46104	2.46104	2.46104	2.46104	2.46104	2.46104	2.46104	2.46104	2.46104	2.46104	2.46104	2.46104	2.46104	2.46104	2.46104	2.46104	2.46104	2.46104	2.46104	2.46104	2.46104	2.46104	2.46104	2.46104	2.46104	2.46104	2.46104	2.46104	2.46104	2.46104	2.46104	2.46104	2.46104	2.46104	2.46104	2.46104	2.46104	2.46104	2.46104	2.46104	2.46104
0.3511193	2.46104	2.46104	2.46104	2.46104	2.46104	2.46104	2.46104	2.46104	2.46104	2.46104	2.46104	2.46104	2.46104	2.46104	2.46104	2.46104	2.46104	2.46104	2.46104	2.46104	2.46104	2.46104	2.46104	2.46104	2.46104	2.46104	2.46104	2.46104	2.46104	2.46104	2.46104	2.46104	2.46104	2.46104	2.46104	2.46104	2.46104	2.46104	2.46104	2.46104	2.46104	2.46104	2.46104	2.46104	2.46104	2.46104	2.46104	2.46104	2.46104	2.46104	2.46104	2.46104	2.46104
0.3944205	2.46104	2.46104	2.46104	2.46104	2.46104	2.46104	2.46104	2.46104	2.46104	2.46104	2.46104	2.46104	2.46104	2.46104	2.46104	2.46104	2.46104	2.46104	2.46104	2.46104	2.46104	2.46104	2.46104	2.46104	2.46104	2.46104	2.46104	2.46104	2.46104	2.46104	2.46104	2.46104	2.46104	2.46104	2.46104	2.46104	2.46104	2.46104	2.46104	2.46104	2.46104	2.46104	2.46104	2.46104	2.46104	2.46104	2.46104	2.46104	2.46104	2.46104	2.46104	2.46104	2.46104
0.4430621	2.46104	2.46104	2.46104	2.46104	2.46104	2.46104	2.46104	2.46104	2.46104	2.46104	2.46104	2.46104	2.46104	2.46104	2.46104	2.46104	2.46104	2.46104	2.46104	2.46104	2.46104	2.46104	2.46104	2.46104	2.46104	2.46104	2.46104	2.46104	2.46104	2.46104	2.46104	2.46104	2.46104	2.46104	2.46104	2.46104	2.46104	2.46104	2.46104	2.46104	2.46104	2.46104	2.46104	2.46104	2.46104	2.46104	2.46104	2.46104	2.46104	2.46104	2.46104	2.46104	2.46104
0.4977023	2.46104	2.46104	2.46104	2.46104	2.46104	2.46104	2.46104	2.46104	2.46104	2.46104	2.46104	2.46104	2.46104	2.46104	2.46104	2.46104	2.46104	2.46104	2.46104	2.46104	2.46104	2.46104	2.46104	2.46104	2.46104	2.46104	2.46104	2.46104	2.46104	2.46104	2.46104	2.46104	2.46104	2.46104	2.46104	2.46104	2.46104	2.46104	2.46104	2.46104	2.46104	2.46104	2.46104	2.46104	2.46104	2.46104	2.46104	2.46104	2.46104	2.46104	2.46104	2.46104	2.46104
0.5590811	2.46104	2.46104	2.46104	2.46104	2.46104	2.46104	2.46104	2.46104	2.46104	2.46104	2.46104	2.46104	2.46104	2.46104	2.46104	2.46104	2.46104	2.46104	2.46104	2.46104	2.46104	2.46104	2.46104	2.46104	2.46104	2.46104	2.46104	2.46104	2.46104	2.46104	2.46104	2.46104	2.46104	2.46104	2.46104	2.46104	2.46104	2.46104	2.46104	2.46104	2.46104	2.46104	2.46104	2.46104	2.46104	2.46104	2.46104	2.46104	2.46104	2.46104	2.46104	2.46104	2.46104
0.6280293	2.46104	2.46104	2.46104	2.46104	2.46104	2.46104	2.46104	2.46104	2.46104	2.46104	2.46104	2.46104	2.46104	2.46104	2.46104	2.46104	2.46104	2.46104	2.46104	2.46104	2.46104	2.46104	2.46104	2.46104	2.46104	2.46104	2.46104	2.46104	2.46104	2.46104	2.46104	2.46104	2.46104	2.46104	2.46104	2.46104	2.46104	2.46104	2.46104	2.46104	2.46104	2.46104	2.46104	2.46104	2.46104	2.46104	2.46104	2.46104	2.46104	2.46104	2.46104	2.46104	2.46104
0.7054805	2.46104	2.46104	2.46104	2.46104	2.46104	2.46104	2.46104	2.46104	2.46104	2.46104	2.46104	2.46104	2.46104	2.46104	2.46104	2.46104	2.46104	2.46104	2.46104	2.46104	2.46104	2.46104	2.46104	2.46104	2.46104	2.46104	2.46104	2.46104	2.46104	2.46104	2.46104	2.46104	2.46104	2.46104	2.46104	2.46104	2.46104	2.46104	2.46104	2.46104	2.46104	2.46104	2.46104	2.46104	2.46104	2.46104	2.46104	2.46104	2.46104	2.46104	2.46104	2.46104	2.46104
0.7924827	2.46104	2.46104	2.46104	2.46104	2.46104	2.46104	2.46104	2.46104	2.46104	2.46104	2.46104	2.46104	2.46104	2.46104	2.46104	2.46104	2.46104	2.46104	2.46104	2.46104	2.46104	2.46104	2.46104	2.46104	2.46104	2.46104	2.46104	2.46104	2.46104	2.46104	2.46104	2.46104	2.46104	2.46104	2.46104	2.46104	2.46104	2.46104	2.46104	2.46104	2.46104	2.46104	2.46104	2.46104	2.46104	2.46104	2.46104	2.46104	2.46104	2.46104	2.46104	2.46104	2.46104
0.8902149	2.46104	2.46104	2.46104	2.46104	2.46104	2.46104	2.46104	2.46104	2.46104	2.46104	2.46104	2.46104	2.46104	2.46104	2.46104	2.46104	2.46104	2.46104	2.46104	2.46104	2.46104	2.46104	2.46104	2.46104	2.46104	2.46104	2.46104	2.46104	2.46104	2.46104	2.46104	2.46104	2.46104	2.46104	2.46104	2.46104	2.46104	2.46104	2.46104	2.46104	2.46104	2.46104	2.46104	2.46104	2.46104	2.46104	2.46104	2.46104	2.46104	2.46104	2.46104	2.46104	2.46104
