eta	mean	conf_05	conf_95	trace_00	trace_01	trace_02	trace_03	trace_04	trace_05	trace_06	trace_07	trace_08	trace_09	trace_10	trace_11	trace_12	trace_13	trace_14	trace_15	trace_16	trace_17	trace_18	trace_19	trace_20	trace_21	trace_22	trace_23	trace_24	trace_25	trace_26	trace_27	trace_28	trace_29	trace_30	trace_31	trace_32	trace_33	trace_34	trace_35	trace_36	trace_37	trace_38	trace_39	trace_40	trace_41	trace_42	trace_43	trace_44	trace_45	trace_46	trace_47	trace_48	trace_49
0.0000100	2.81166	2.37930	3.18473	3.42501	2.76619	3.08529	3.05568	2.96282	2.54614	3.08267	2.87971	3.30708	2.34879	2.89552	2.83495	2.91713	2.85436	2.84216	2.69544	2.93948	2.67484	3.08198	2.80076	2.38269	3.18464	3.00066	2.77491	3.30893	2.94897	3.06277	2.38736	3.08956	2.94284	3.21615	3.01328	3.18558	2.68240	2.09175	2.21711	2.90985	2.93003	2.86613	2.86551	3.01829	1.50911	3.12942	1.06153	2.89138	3.15469	2.81580	2.54712	2.70577	2.69282
0.0000112	2.81735	2.38218	3.18700	3.42394	2.77013	3.08536	3.05302	2.97097	2.55440	3.10631	2.88661	3.32932	2.36010	2.89767	2.83971	2.90197	2.86046	2.84246	2.66245	2.92865	2.68887	3.09509	2.79335	2.38463	3.18813	3.00258	2.78072	3.32850	2.95073	3.06672	2.40708	3.08485	2.94882	3.21805	3.03434	3.18687	2.69167	2.11130	2.23767	2.93601	2.91293	2.88539	2.86025	3.02949	1.59769	3.13823	1.06483	2.88711	3.14668	2.80906	2.51412	2.71096	2.70148
0.0000126	2.82042	2.39314	3.19283	3.42594	2.77484	3.09561	3.06201	2.97103	2.54871	3.09554	2.89153	3.29200	2.37875	2.90606	2.84461	2.94171	2.87709	2.85254	2.69980	2.94352	2.66862	3.09001	2.80755	2.39474	3.19068	2.98780	2.78796	3.31667	2.96063	3.07116	2.40017	3.10485	2.94131	3.23946	3.02198	3.21218	2.69547	2.10085	2.21171	2.91708	2.93951	2.87123	2.87339	3.02695	1.58221	3.13426	1.07345	2.89772	3.13697	2.82238	2.52544	2.70918	2.70611
0.0000142	2.82879	2.40089	3.19439	3.42921	2.77365	3.08973	3.06235	2.97177	2.55648	3.09521	2.89254	3.32149	2.38655	2.88380	2.84843	2.94709	2.88199	2.85769	2.67132	2.94514	2.67547	3.09565	2.81235	2.40249	3.19247	2.99010	2.79199	3.33653	2.96382	3.08471	2.41287	3.10001	2.94919	3.22628	3.04093	3.21167	2.71069	2.15336	2.25102	2.94219	2.92272	2.89252	2.87704	3.03864	1.66600	3.14411	1.10304	2.90029	3.15733	2.82122	2.53416	2.71524	2.70875
0.0000159	2.83297	2.41524	3.19922	3.42941	2.77964	3.10158	3.06888	2.97739	2.56690	3.09676	2.89147	3.32392	2.39250	2.91123	2.85424	2.95003	2.88819	2.86744	2.68483	2.94862	2.68174	3.10094	2.81539	2.41777	3.19684	2.99450	2.79752	3.33347	2.96923	3.08644	2.42009	3.10534	2.94938	3.23955	3.03069	3.22060	2.71253	2.14003	2.26436	2.92454	2.95349	2.88203	2.88154	3.03841	1.62625	3.14925	1.12373	2.90131	3.14852	2.82684	2.54408	2.72252	2.71682
0.0000179	2.84300	2.41907	3.20593	3.43630	2.78771	3.10480	3.06812	2.97217	2.58045	3.11624	2.90658	3.32447	2.39873	2.89020	2.85923	2.94109	2.89491	2.87114	2.69703	2.94061	2.68839	3.10298	2.81976	2.42133	3.20321	2.99942	2.80393	3.33299	2.97263	3.09891	2.44717	3.12269	2.95669	3.24862	3.04982	3.23043	2.71847	2.18496	2.27657	2.95131	2.94321	2.90293	2.87918	3.04281	1.75341	3.14744	1.15142	2.90962	3.16607	2.81086	2.56609	2.73128	2.72553
0.0000201	2.84955	2.43827	3.21025	3.43978	2.78875	3.11072	3.07359	2.97635	2.59407	3.11281	2.90441	3.32342	2.41298	2.92295	2.86643	2.95548	2.90213	2.87940	2.69576	2.95296	2.71082	3.10407	2.83299	2.44108	3.20784	3.00155	2.81069	3.33685	2.97699	3.10880	2.46043	3.14037	2.95801	3.25176	3.05539	3.23194	2.73439	2.16126	2.29067	2.95614	2.95002	2.90771	2.88385	3.04879	1.73271	3.15357	1.17970	2.91583	3.15885	2.81519	2.57833	2.73737	2.73159
0.0000226	2.85963	2.44890	3.20557	3.44455	2.79414	3.11775	3.07983	2.98798	2.61217	3.10514	2.91505	3.32478	2.42361	2.93848	2.87236	2.96136	2.91024	2.88680	2.70853	2.95866	2.72421	3.10841	2.83953	2.45171	3.20282	3.00803	2.81839	3.33955	2.98280	3.11593	2.46088	3.15151	2.96061	3.24605	3.06106	3.23029	2.71980	2.20102	2.30979	2.96205	2.96089	2.91443	2.89060	3.05729	1.84046	3.15851	1.21170	2.92389	3.16859	2.84399	2.58649	2.74782	2.74111
0.0000254	2.87091	2.45788	3.21773	3.45257	2.80077	3.13059	3.08224	2.99611	2.63781	3.12482	2.93181	3.33837	2.42518	2.93952	2.87931	2.96512	2.91876	2.88808	2.72163	2.95295	2.77913	3.11273	2.83077	2.46151	3.21583	3.03043	2.82291	3.34109	2.98103	3.13057	2.49144	3.17385	2.96848	3.25966	3.06944	3.23481	2.73674	2.23568	2.31027	2.96885	2.97113	2.92234	2.89829	3.06854	1.84064	3.16814	1.28653	2.92742	3.17146	2.83582	2.59949	2.76427	2.75053
0.0000285	2.88111	2.48049	3.21851	3.46063	2.80805	3.13907	3.08340	2.99266	2.65355	3.11824	2.94284	3.33125	2.43971	2.95471	2.88759	2.97748	2.92844	2.90869	2.75232	2.96595	2.75292	3.11227	2.85344	2.48502	3.21685	3.02074	2.83130	3.33286	2.98916	3.14388	2.49527	3.19408	2.97877	3.26863	3.06374	3.23347	2.76133	2.23550	2.35769	2.95555	2.99638	2.91388	2.91249	3.07337	1.91634	3.17079	1.28849	2.93846	3.18837	2.84401	2.64855	2.77606	2.76116
0.0000320	2.89475	2.49007	3.22352	3.45899	2.81471	3.14857	3.09342	3.00327	2.67272	3.13402	2.95462	3.32937	2.45587	2.95333	2.89624	2.96649	2.93006	2.91875	2.76011	2.95964	2.81333	3.11915	2.84885	2.49387	3.22219	3.04246	2.84141	3.33615	2.99605	3.16060	2.53036	3.20735	2.99379	3.27946	3.07133	3.23546	2.77092	2.29222	2.35091	2.96237	3.00954	2.93940	2.91389	3.08490	2.01149	3.18400	1.38799	2.94681	3.17083	2.84683	2.66443	2.78820	2.77102
0.0000359	2.90790	2.51206	3.23016	3.46276	2.82068	3.15364	3.09307	3.01116	2.68159	3.13303	2.96038	3.34088	2.48482	2.95420	2.90524	2.99195	2.93970	2.93051	2.75773	2.96617	2.83998	3.12566	2.85867	2.51508	3.22777	3.04937	2.85480	3.35068	3.00989	3.16982	2.55241	3.21491	2.99812	3.27487	3.09334	3.25168	2.78553	2.26454	2.40482	2.99103	3.00653	2.94738	2.92232	3.09504	2.11218	3.18670	1.44934	2.95988	3.19454	2.87153	2.65287	2.79338	2.78261
0.0000404	2.92208	2.53355	3.24262	3.47622	2.83154	3.16672	3.10305	3.01157	2.71053	3.13435	2.96688	3.34505	2.50484	2.97955	2.91834	3.00938	2.95529	2.95127	2.77036	2.98551	2.81506	3.13184	2.88430	2.53674	3.23399	3.04481	2.86830	3.35093	3.02089	3.18288	2.55999	3.24149	3.00590	3.30505	3.09654	3.25283	2.79109	2.33484	2.43573	2.98329	3.03721	2.94516	2.94064	3.10476	2.19159	3.19948	1.48829	2.96435	3.19966	2.84205	2.68595	2.80954	2.79858
0.0000453	2.93901	2.55918	3.25283	3.47930	2.83951	3.18330	3.11206	3.02577	2.74160	3.13231	2.98052	3.34234	2.51458	2.98789	2.92990	2.98889	2.97798	2.96573	2.79968	2.99267	2.86120	3.14314	2.89809	2.56414	3.23863	3.06671	2.87734	3.34744	3.02271	3.19743	2.59212	3.27322	3.02293	3.30567	3.10541	3.25056	2.80889	2.36702	2.46170	2.99323	3.05181	2.95554	2.95123	3.11377	2.23322	3.20375	1.60906	2.97700	3.21580	2.87979	2.72534	2.83116	2.81150
0.0000509	2.95767	2.58328	3.27127	3.48909	2.84909	3.19345	3.11462	3.02533	2.75664	3.15461	2.99279	3.34838	2.54449	3.00397	2.94245	3.04325	2.98346	2.98393	2.79998	2.99021	2.91156	3.14749	2.89869	2.58759	3.25289	3.07710	2.89450	3.35882	3.03830	3.21627	2.63728	3.28400	3.02851	3.31597	3.12929	3.26986	2.83389	2.40758	2.51284	3.02215	3.05094	2.98242	2.95740	3.12909	2.37393	3.21438	1.65169	2.99073	3.20501	2.88937	2.72882	2.84170	2.82784
0.0000572	2.97847	2.60161	3.27884	3.49911	2.86346	3.20904	3.12680	3.04288	2.79817	3.16086	3.01791	3.35474	2.56173	3.00286	2.95931	3.05903	3.00991	2.99569	2.81367	3.01309	2.93301	3.15549	2.91739	2.60604	3.26374	3.08867	2.90873	3.36970	3.04642	3.23697	2.67277	3.31527	3.04381	3.33115	3.14552	3.27479	2.84256	2.43689	2.54998	3.03570	3.06982	2.99811	2.97274	3.14205	2.47104	3.23195	1.79147	3.00733	3.22659	2.88167	2.75482	2.86670	2.84641
0.0000643	2.99751	2.63513	3.29323	3.50875	2.87557	3.23583	3.13633	3.04889	2.82893	3.15820	3.02546	3.35659	2.58573	3.01304	2.97503	3.06165	3.02045	3.01469	2.84698	3.02308	2.94703	3.16777	2.93819	2.64062	3.26897	3.08932	2.92526	3.36262	3.06067	3.26034	2.71182	3.35314	3.05951	3.35429	3.15772	3.28658	2.86846	2.46270	2.58430	3.03520	3.10049	3.00350	2.98675	3.15440	2.52097	3.24440	1.90787	3.01510	3.23107	2.91029	2.79959	2.88611	2.86548
0.0000722	3.01947	2.66743	3.30459	3.51925	2.89186	3.24664	3.14666	3.05728	2.85272	3.17715	3.04951	3.36357	2.62677	3.04854	2.99178	3.09490	3.03690	3.03942	2.85103	3.02390	2.99111	3.17636	2.94577	2.66952	3.28228	3.11426	2.94658	3.37690	3.07628	3.27786	2.73276	3.36518	3.06664	3.35883	3.18357	3.29856	2.87425	2.51210	2.63470	3.06479	3.10521	3.03163	3.00261	3.17157	2.64863	3.25907	2.02234	3.03021	3.22924	2.91771	2.80232	2.90190	2.88512
0.0000811	3.04377	2.73865	3.31289	3.53285	2.90742	3.27794	3.15921	3.07273	2.88862	3.17869	3.06149	3.37128	2.65645	3.06461	3.00989	3.10050	3.06689	3.06894	2.87175	3.04673	2.99694	3.18634	2.97091	2.69348	3.29032	3.12154	2.96739	3.38713	3.09175	3.30203	2.80017	3.39801	3.08969	3.38308	3.20285	3.30640	2.90559	2.52833	2.72403	3.07077	3.13707	3.04267	3.02477	3.18115	2.74028	3.27482	2.11723	3.04277	3.26018	2.92885	2.85312	2.92495	2.90789
0.0000911	3.06814	2.81705	3.33330	3.54681	2.92887	3.29500	3.17304	3.08693	2.92702	3.18915	3.07936	3.38238	2.68927	3.07047	3.03123	3.11237	3.08931	3.09290	2.89079	3.06222	3.02252	3.20286	2.99104	2.73061	3.30678	3.13954	2.98998	3.39435	3.10723	3.32785	2.83209	3.42759	3.10845	3.38940	3.23024	3.31750	2.93272	2.57690	2.79314	3.09134	3.15737	3.06655	3.04364	3.19839	2.81971	3.29549	2.24734	3.06071	3.26910	2.94277	2.86628	2.94937	2.93118
0.0001024	3.09384	2.88145	3.35414	3.56063	2.94664	3.33058	3.18519	3.09901	2.96573	3.20124	3.09934	3.37951	2.72290	3.08713	3.05281	3.13061	3.11282	3.11658	2.90821	3.07282	3.06253	3.22354	3.00942	2.75842	3.31787	3.16022	3.01232	3.40350	3.12346	3.35132	2.88410	3.45450	3.12807	3.41220	3.26226	3.33564	2.96349	2.61070	2.85756	3.11320	3.17820	3.08926	3.06252	3.21414	2.89311	3.31561	2.38613	3.07463	3.27948	2.95454	2.89764	2.97473	2.95572
0.0001150	3.12297	2.93105	3.37879	3.57344	2.97576	3.35453	3.19781	3.11419	3.00440	3.22096	3.12424	3.39286	2.75918	3.11006	3.07780	3.18044	3.13643	3.14639	2.93137	3.09611	3.08550	3.25262	3.02900	2.79251	3.34178	3.18229	3.03674	3.41281	3.14189	3.37722	2.94420	3.48369	3.14922	3.43179	3.29882	3.35260	2.97966	2.66187	2.95945	3.13754	3.19891	3.11704	3.08357	3.23170	2.95444	3.34034	2.51501	3.09155	3.27871	2.97916	2.92814	3.00157	2.98140
0.0001292	3.15231	2.95380	3.40345	3.58883	3.00477	3.39122	3.21323	3.13057	3.04496	3.23416	3.14243	3.40333	2.79696	3.12395	3.10308	3.22043	3.15453	3.17330	2.95384	3.11322	3.13123	3.27351	3.04388	2.82812	3.35942	3.21114	3.06310	3.42684	3.15993	3.40458	3.00467	3.51523	3.17675	3.44948	3.33731	3.37749	3.00357	2.71257	3.03441	3.17015	3.22177	3.15023	3.10601	3.25503	3.00874	3.36156	2.64970	3.10845	3.29387	2.99112	2.95340	3.02973	3.00968
0.0001451	3.18279	2.98534	3.42849	3.59786	3.03488	3.43927	3.23210	3.14842	3.09362	3.24836	3.16032	3.41180	2.82588	3.14818	3.12999	3.25923	3.18817	3.20059	2.98559	3.13875	3.15245	3.30476	3.06352	2.86483	3.38165	3.23379	3.09074	3.42769	3.18041	3.43571	3.09314	3.55096	3.21075	3.47043	3.38129	3.39847	3.03817	2.74356	3.13987	3.19705	3.23370	3.17933	3.12975	3.26636	3.04541	3.38555	2.75740	3.12565	3.31789	3.01307	2.98307	3.06054	3.03931
0.0001630	3.21480	3.02495	3.44459	3.62444	3.07372	3.48197	3.24852	3.17013	3.12725	3.26951	3.18015	3.43133	2.86592	3.17092	3.15298	3.26604	3.21265	3.23223	3.00941	3.16417	3.16200	3.32889	3.09255	2.90689	3.39681	3.26415	3.12049	3.44252	3.20271	3.46325	3.16285	3.57837	3.24609	3.48924	3.43637	3.42359	3.07118	2.78525	3.26961	3.22527	3.26989	3.21032	3.15581	3.28510	3.10306	3.41450	2.85752	3.14404	3.33492	3.03131	3.02668	3.08988	3.06770
0.0001831	3.24787	3.04836	3.49211	3.63249	3.11921	3.52751	3.26880	3.19447	3.16698	3.29489	3.20007	3.45228	2.90701	3.18751	3.18128	3.31084	3.24275	3.26238	3.03050	3.19194	3.18209	3.37040	3.11578	2.94420	3.42179	3.29702	3.15124	3.46057	3.22558	3.49379	3.23363	3.60368	3.28487	3.50843	3.49193	3.45525	3.10470	2.82708	3.36842	3.25899	3.29571	3.24579	3.18277	3.30288	3.14661	3.45238	2.95993	3.16578	3.35088	3.05111	3.05035	3.12024	3.09863
0.0002057	3.28125	3.06844	3.52367	3.66032	3.17478	3.56157	3.28480	3.22041	3.20495	3.32270	3.21967	3.46966	2.95829	3.20773	3.21419	3.38622	3.25719	3.29008	3.04179	3.21985	3.20424	3.41865	3.13885	2.98087	3.44819	3.32860	3.17940	3.47631	3.24486	3.52256	3.27845	3.62053	3.33580	3.53361	3.55503	3.48385	3.15407	2.86905	3.48896	3.29460	3.31244	3.28108	3.20635	3.32787	3.19042	3.48715	3.02756	3.18468	3.36391	3.07140	3.07799	3.15122	3.12986
0.0002310	3.31703	3.08921	3.55856	3.68021	3.23266	3.60592	3.30747	3.24989	3.24229	3.35266	3.24135	3.50425	3.00279	3.23187	3.24441	3.42237	3.29059	3.32237	3.06489	3.25212	3.22502	3.49586	3.16344	3.01892	3.48730	3.36398	3.21123	3.49607	3.27377	3.56819	3.34311	3.64851	3.38376	3.55749	3.60174	3.53305	3.20256	2.90773	3.55611	3.33350	3.34479	3.32037	3.23397	3.33980	3.25489	3.52669	3.07728	3.21085	3.38719	3.09054	3.09965	3.18363	3.16220
0.0002595	3.35548	3.11734	3.60195	3.68715	3.29203	3.65188	3.32870	3.27528	3.28664	3.40037	3.27432	3.55826	3.04100	3.25726	3.26824	3.48428	3.32061	3.35556	3.09692	3.29134	3.25510	3.54280	3.18184	3.05878	3.51571	3.40806	3.24852	3.52345	3.29499	3.59640	3.41778	3.67734	3.42990	3.57374	3.66064	3.58649	3.26966	2.95768	3.65510	3.37284	3.38315	3.35388	3.26763	3.36872	3.30299	3.55893	3.14573	3.24387	3.40990	3.11113	3.11803	3.21265	3.20079
0.0002915	3.39628	3.13789	3.65809	3.71817	3.33919	3.70445	3.34936	3.31683	3.31124	3.44171	3.30597	3.61389	3.09773	3.28938	3.29587	3.55101	3.34741	3.39119	3.11651	3.32216	3.25872	3.64867	3.22099	3.09797	3.53572	3.44024	3.28096	3.55635	3.32884	3.63394	3.46059	3.71737	3.48720	3.60955	3.76082	3.65294	3.35278	2.99686	3.71770	3.40151	3.39065	3.40007	3.29587	3.37977	3.37965	3.61105	3.21661	3.28001	3.43775	3.13514	3.13819	3.24292	3.23454
0.0003275	3.43938	3.16589	3.73626	3.73603	3.39145	3.74481	3.37949	3.35425	3.34367	3.50435	3.36633	3.66839	3.15010	3.33028	3.33525	3.60076	3.38031	3.42755	3.13736	3.35858	3.28379	3.73827	3.26184	3.14190	3.56752	3.47927	3.30716	3.60859	3.36078	3.67578	3.47764	3.74225	3.54266	3.64049	3.82152	3.72539	3.45070	3.03313	3.75870	3.43159	3.45950	3.44037	3.31696	3.40077	3.44557	3.65435	3.29663	3.33629	3.48048	3.16240	3.16628	3.28168	3.26972
0.0003678	3.48718	3.21199	3.77141	3.72334	3.44127	3.79310	3.41122	3.40533	3.37707	3.55656	3.43789	3.74401	3.20363	3.38363	3.35737	3.64640	3.39193	3.47544	3.16290	3.40599	3.31429	3.81678	3.32946	3.18772	3.61723	3.53295	3.34403	3.65321	3.40226	3.73186	3.51329	3.76966	3.57315	3.67566	3.87434	3.79824	3.54906	3.08472	3.78719	3.52285	3.49964	3.50367	3.34972	3.42503	3.51918	3.68331	3.40754	3.42150	3.52032	3.20462	3.21281	3.31509	3.30177
0.0004132	3.54349	3.26772	3.79949	3.78809	3.49843	3.82864	3.45524	3.45773	3.41870	3.64551	3.56830	3.85204	3.26603	3.45488	3.39830	3.68584	3.46110	3.51690	3.17276	3.43674	3.38486	3.87177	3.43035	3.22785	3.65560	3.56840	3.38231	3.69885	3.46112	3.77907	3.55433	3.79485	3.64067	3.69978	3.91573	3.85456	3.63536	3.13717	3.79625	3.56834	3.53601	3.55730	3.37946	3.46362	3.58107	3.77139	3.53385	3.56107	3.58851	3.26791	3.26441	3.34372	3.36384
0.0004642	3.60369	3.39398	3.82078	3.80103	3.57583	3.85523	3.48843	3.50858	3.42813	3.70770	3.67450	3.91253	3.35679	3.52032	3.45205	3.71928	3.49526	3.55515	3.21993	3.50524	3.51513	3.90118	3.62043	3.29891	3.68787	3.63115	3.44852	3.74530	3.51303	3.81674	3.57730	3.81695	3.67675	3.77213	3.94150	3.88965	3.70469	3.23855	3.79568	3.61118	3.57124	3.60412	3.44093	3.50792	3.63442	3.81045	3.65264	3.72525	3.67240	3.37329	3.39628	3.40817	3.40902
0.0005214	3.65350	3.44791	3.84014	3.79981	3.62056	3.86390	3.51940	3.55021	3.50739	3.74671	3.73135	3.92793	3.42928	3.64442	3.48622	3.73994	3.52381	3.58450	3.30776	3.54059	3.78694	3.90149	3.77479	3.35361	3.70779	3.66808	3.48917	3.78070	3.55757	3.83750	3.59133	3.82714	3.70880	3.80035	3.94088	3.89679	3.74688	3.30707	3.77917	3.64462	3.59791	3.63813	3.47236	3.54150	3.66957	3.83307	3.74411	3.82932	3.74066	3.54560	3.54509	3.44493	3.44824
0.0005857	3.67692	3.48645	3.85461	3.78748	3.64576	3.85189	3.53932	3.57465	3.53581	3.75588	3.75034	3.90954	3.47928	3.69358	3.50766	3.74318	3.54116	3.59920	3.48725	3.55882	3.88114	3.87899	3.83968	3.39484	3.71057	3.68387	3.51569	3.79493	3.58622	3.83212	3.59306	3.82104	3.71757	3.80242	3.91604	3.87994	3.76029	3.36110	3.75155	3.66278	3.60973	3.65355	3.49060	3.56395	3.68653	3.82967	3.79490	3.85190	3.77679	3.65363	3.64668	3.46944	3.47412
0.0006579	3.67690	3.50389	3.83937	3.75988	3.65171	3.82323	3.54688	3.58229	3.54752	3.74123	3.73842	3.87144	3.50486	3.70310	3.51565	3.73098	3.54665	3.59972	3.63162	3.56123	3.86853	3.84178	3.83910	3.41912	3.69814	3.68224	3.52719	3.78751	3.59847	3.81234	3.58344	3.80072	3.71176	3.78083	3.87480	3.84671	3.75185	3.39733	3.71511	3.66624	3.60703	3.65244	3.49515	3.57406	3.69050	3.80724	3.80749	3.83196	3.77602	3.69538	3.68321	3.47990	3.48514
0.0007391	3.65719	3.50560	3.79393	3.71793	3.63896	3.78047	3.54092	3.57431	3.54296	3.70798	3.70742	3.82006	3.50779	3.68253	3.50975	3.70439	3.53983	3.58638	3.69153	3.54907	3.82083	3.79318	3.80273	3.42411	3.67173	3.66269	3.52379	3.75986	3.59492	3.77612	3.56271	3.76705	3.69070	3.74139	3.82138	3.80064	3.72566	3.41132	3.67124	3.65502	3.59011	3.63647	3.48586	3.57077	3.67695	3.77012	3.78686	3.78775	3.74868	3.69677	3.67375	3.47535	3.48069
0.0008302	3.62178	3.48758	3.74171	3.67025	3.60906	3.72566	3.52117	3.55241	3.52367	3.66001	3.66300	3.75836	3.49211	3.64076	3.49030	3.66451	3.52104	3.56003	3.68269	3.52359	3.75924	3.73483	3.74650	3.41112	3.63260	3.62743	3.50669	3.71550	3.57706	3.72595	3.53102	3.72106	3.65381	3.69032	3.75812	3.74373	3.68458	3.40213	3.61981	3.62977	3.55979	3.60730	3.46305	3.55387	3.64782	3.72110	3.74148	3.72931	3.70545	3.67374	3.63849	3.45603	3.46144
0.0009326	3.57292	3.45447	3.67717	3.61212	3.56340	3.66023	3.48736	3.51721	3.49051	3.59978	3.60727	3.68767	3.46073	3.58364	3.45739	3.61197	3.49024	3.52093	3.63872	3.48533	3.68848	3.66760	3.67741	3.38078	3.58150	3.57798	3.47660	3.65729	3.54516	3.66367	3.48821	3.66315	3.60744	3.62741	3.68628	3.67714	3.63017	3.37208	3.56037	3.59023	3.51645	3.56549	3.42707	3.52242	3.60386	3.66147	3.67805	3.66087	3.64852	3.63111	3.58638	3.42252	3.42826
0.0010476	3.51217	3.40855	3.59885	3.54428	3.50406	3.58530	3.44000	3.46943	3.44429	3.52914	3.54130	3.60876	3.41563	3.51498	3.41146	3.54762	3.44770	3.46964	3.57539	3.43494	3.60977	3.59209	3.59861	3.33556	3.51929	3.51604	3.43430	3.58766	3.49970	3.59082	3.43438	3.59402	3.54991	3.55481	3.60656	3.60170	3.56388	3.32514	3.49253	3.53670	3.46083	3.51170	3.37873	3.47602	3.54627	3.59200	3.60098	3.58407	3.57921	3.57163	3.52114	3.37601	3.38240
0.0011768	3.44090	3.35064	3.51350	3.46761	3.43331	3.50190	3.38044	3.41003	3.38598	3.44972	3.46603	3.52231	3.35841	3.43729	3.35344	3.47259	3.39397	3.40716	3.49906	3.37336	3.52373	3.50891	3.51168	3.27827	3.44706	3.44342	3.38065	3.50841	3.44148	3.50877	3.37020	3.51471	3.48033	3.47402	3.51959	3.51817	3.48723	3.26515	3.41641	3.47016	3.39408	3.44684	3.31936	3.41529	3.47668	3.51337	3.51272	3.49983	3.49955	3.49807	3.44489	3.31815	3.32542
0.0013219	3.36075	3.28234	3.42618	3.38332	3.35348	3.41122	3.31074	3.34038	3.31700	3.36323	3.38271	3.42921	3.29084	3.35260	3.28490	3.38841	3.32999	3.33493	3.41318	3.30208	3.43113	3.41892	3.41786	3.21172	3.36626	3.36216	3.31689	3.42103	3.37186	3.41890	3.29699	3.42662	3.40049	3.38641	3.42615	3.42752	3.40191	3.19558	3.33293	3.39231	3.31788	3.37218	3.25090	3.34221	3.39702	3.42642	3.41509	3.40911	3.41135	3.41330	3.35965	3.25100	3.25926
0.0014850	3.27375	3.20602	3.32792	3.29314	3.26693	3.31488	3.23348	3.26239	3.23953	3.27173	3.29308	3.33087	3.21530	3.26303	3.20821	3.29721	3.25724	3.25495	3.32037	3.22329	3.33327	3.32345	3.31875	3.13885	3.27885	3.27452	3.24476	3.32716	3.29275	3.32289	3.21689	3.33162	3.31260	3.29360	3.32759	3.33116	3.30991	3.11992	3.24391	3.30549	3.23456	3.28948	3.17586	3.25987	3.30951	3.33246	3.31045	3.31330	3.31659	3.32027	3.26788	3.17714	3.18631
0.0016681	3.18246	3.12481	3.22891	3.19931	3.17622	3.21511	3.15149	3.17842	3.15642	3.17767	3.19942	3.22933	3.13469	3.17101	3.12652	3.20171	3.17768	3.16968	3.22315	3.13982	3.23213	3.22443	3.21660	3.06282	3.18738	3.18311	3.16653	3.22887	3.20651	3.22295	3.13277	3.23209	3.21925	3.19771	3.22588	3.23108	3.21366	3.04184	3.15199	3.21254	3.14712	3.20095	3.09723	3.17190	3.21668	3.23346	3.20217	3.21441	3.21767	3.22203	3.17262	3.09955	3.10940
0.0018738	3.08977	3.04218	3.12732	3.10446	3.08403	3.11466	3.06757	3.09116	3.07091	3.08376	3.10445	3.12717	3.05217	3.07914	3.04337	3.10504	3.09351	3.08181	3.12423	3.05488	3.13019	3.12433	3.11428	2.98686	3.09470	3.09066	3.08464	3.12873	3.11588	3.12179	3.04778	3.13086	3.12325	3.10124	3.12361	3.12983	3.11591	2.96489	3.06022	3.11664	3.05885	3.10916	3.01812	3.08182	3.12126	3.13208	3.09454	3.11493	3.11740	3.12182	3.07724	3.02119	3.03149
0.0021049	2.99846	2.96120	3.02763	3.01114	2.99298	3.01640	2.98407	3.00327	2.98592	2.99250	3.01084	3.02710	2.97046	2.98980	2.96188	3.01017	3.00690	2.99389	3.02632	2.97137	3.03008	3.02579	3.01480	2.91369	3.00352	2.99973	3.00126	3.02954	3.02367	3.02236	2.96476	3.03088	3.02742	3.00679	3.02357	3.03011	3.01945	2.89193	2.97143	3.02095	2.97279	3.01678	2.94112	2.99260	3.02595	3.03147	2.99196	3.01744	3.01877	3.02279	2.98484	2.94455	2.95506
0.0023645	2.91067	2.88369	2.93384	2.92131	2.90521	2.92271	2.90256	2.91690	2.90346	2.90565	2.92069	2.93142	2.89136	2.90462	2.88394	2.91931	2.91998	2.90799	2.93179	2.89125	2.93406	2.93107	2.92059	2.84497	2.91575	2.91226	2.91798	2.93382	2.93242	2.92723	2.88550	2.93470	2.93411	2.91645	2.92812	2.93424	2.92658	2.82454	2.88758	2.92814	2.89098	2.92620	2.86777	2.90645	2.93303	2.93454	2.89778	2.92412	2.92438	2.92763	2.89760	2.87110	2.88148
0.0026561	2.82761	2.80985	2.84362	2.83605	2.82222	2.83500	2.82382	2.83355	2.82437	2.82401	2.83523	2.84155	2.81561	2.82423	2.80989	2.83362	2.83494	2.82562	2.84225	2.81520	2.84360	2.84168	2.83299	2.78092	2.83231	2.82930	2.83599	2.84333	2.84422	2.83808	2.81053	2.84403	2.84500	2.83143	2.83873	2.84378	2.83876	2.76287	2.80951	2.84001	2.81411	2.83927	2.79836	2.82467	2.84418	2.84336	2.81330	2.83632	2.83592	2.83818	2.81650	2.80115	2.81073
0.0029836	2.74956	2.73760	2.75934	2.75563	2.74475	2.75360	2.74818	2.75407	2.74870	2.74743	2.75479	2.75797	2.74311	2.74832	2.73908	2.75337	2.75386	2.74775	2.75852	2.74284	2.75933	2.75823	2.75213	2.72039	2.75331	2.75107	2.75644	2.75897	2.76050	2.75546	2.73937	2.75958	2.76098	2.75195	2.75587	2.75940	2.75656	2.70581	2.73697	2.75737	2.74167	2.75712	2.73208	2.74772	2.76037	2.75880	2.73767	2.75453	2.75395	2.75524	2.74138	2.73408	2.74179
0.0033516	2.67621	2.66902	2.68115	2.67984	2.67279	2.67807	2.67584	2.67887	2.67632	2.67527	2.67920	2.68047	2.67345	2.67619	2.67088	2.67827	2.67802	2.67479	2.68071	2.67336	2.68119	2.68064	2.67725	2.66131	2.67860	2.67731	2.68042	2.68085	2.68203	2.67902	2.67120	2.68131	2.68238	2.67753	2.67920	2.68115	2.67987	2.65132	2.66904	2.68028	2.67257	2.68022	2.66767	2.67533	2.68200	2.68071	2.66863	2.67857	2.67810	2.67867	2.67134	2.66884	2.67374
0.0037649	2.60704	2.60465	2.60872	2.60845	2.60572	2.60764	2.60703	2.60802	2.60726	2.60689	2.60813	2.60855	2.60638	2.60729	2.60519	2.60788	2.60759	2.60660	2.60854	2.60624	2.60879	2.60853	2.60735	2.60165	2.60806	2.60762	2.60871	2.60865	2.60908	2.60798	2.60546	2.60877	2.60920	2.60753	2.60805	2.60871	2.60831	2.59690	2.60455	2.60845	2.60592	2.60849	2.60416	2.60694	2.60907	2.60842	2.60362	2.60789	2.60752	2.60779	2.60523	2.60466	2.60668
0.0042292	2.54169	2.54137	2.54210	2.54146	2.54259	2.54165	2.54189	2.54151	2.54178	2.54192	2.54139	2.54173	2.54205	2.54159	2.54229	2.54180	2.54202	2.54265	2.54162	2.54157	2.54163	2.54143	2.54166	2.54089	2.54171	2.54184	2.54168	2.54188	2.54153	2.54165	2.54211	2.54144	2.54131	2.54157	2.54180	2.54166	2.54151	2.54065	2.54253	2.54153	2.54159	2.54171	2.54150	2.54210	2.54138	2.54128	2.54094	2.54187	2.54141	2.54178	2.54208	2.54156	2.54172
0.0047508	2.48016	2.47902	2.48164	2.47901	2.48266	2.47989	2.48053	2.47935	2.48021	2.48044	2.47903	2.47971	2.48094	2.47956	2.48246	2.47986	2.48068	2.48241	2.47964	2.48005	2.47938	2.47910	2.47996	2.48064	2.47965	2.48014	2.47946	2.48014	2.47917	2.47968	2.48156	2.47901	2.47859	2.47965	2.48004	2.47964	2.47936	2.48292	2.48270	2.47932	2.48015	2.47971	2.48063	2.48081	2.47874	2.47891	2.48043	2.48008	2.47942	2.48020	2.48154	2.48048	2.48010
0.0053367	2.42291	2.42154	2.42464	2.42146	2.42590	2.42266	2.42342	2.42186	2.42305	2.42305	2.42143	2.42252	2.42380	2.42198	2.42617	2.42236	2.42357	2.42586	2.42263	2.42262	2.42205	2.42166	2.42262	2.42340	2.42224	2.42299	2.42224	2.42332	2.42201	2.42226	2.42452	2.42155	2.42115	2.42224	2.42281	2.42258	2.42204	2.42630	2.42571	2.42200	2.42265	2.42264	2.42307	2.42369	2.42126	2.42144	2.42329	2.42265	2.42188	2.42320	2.42421	2.42292	2.42280
0.0059948	2.37094	2.36965	2.37228	2.36954	2.37345	2.37088	2.37152	2.36985	2.37122	2.37085	2.36943	2.37072	2.37173	2.36986	2.37442	2.37024	2.37156	2.37387	2.37117	2.37045	2.37022	2.36980	2.37061	2.37129	2.37028	2.37116	2.37058	2.37187	2.37048	2.37019	2.37219	2.36966	2.36949	2.37027	2.37081	2.37096	2.37024	2.37382	2.37314	2.37022	2.37040	2.37110	2.37051	2.37179	2.36955	2.36957	2.37119	2.37045	2.36979	2.37153	2.37164	2.37053	2.37079
0.0067342	2.32566	2.32459	2.32697	2.32445	2.32733	2.32594	2.32629	2.32469	2.32607	2.32541	2.32429	2.32552	2.32625	2.32459	2.32883	2.32491	2.32623	2.32818	2.32636	2.32503	2.32507	2.32475	2.32535	2.32597	2.32511	2.32592	2.32552	2.32695	2.32560	2.32485	2.32625	2.32453	2.32465	2.32513	2.32545	2.32594	2.32518	2.32789	2.32710	2.32523	2.32496	2.32625	2.32475	2.32655	2.32475	2.32454	2.32589	2.32503	2.32459	2.32639	2.32582	2.32502	2.32545
0.0075646	2.28858	2.28770	2.28951	2.28760	2.28957	2.28914	2.28924	2.28783	2.28909	2.28829	2.28743	2.28842	2.28892	2.28764	2.29127	2.28784	2.28918	2.29064	2.28950	2.28788	2.28802	2.28790	2.28833	2.28892	2.28818	2.28876	2.28847	2.29000	2.28866	2.28779	2.28856	2.28762	2.28791	2.28827	2.28829	2.28901	2.28821	2.29022	2.28949	2.28843	2.28785	2.28943	2.28746	2.28944	2.28816	2.28775	2.28893	2.28798	2.28771	2.28915	2.28852	2.28790	2.28830
0.0084975	2.26058	2.25986	2.26140	2.25980	2.26116	2.26118	2.26120	2.26009	2.26112	2.26031	2.25965	2.26042	2.26068	2.25984	2.26287	2.25989	2.26120	2.26214	2.26139	2.25987	2.25999	2.26008	2.26040	2.26094	2.26033	2.26068	2.26039	2.26192	2.26056	2.25987	2.26021	2.25981	2.26011	2.26048	2.26016	2.26108	2.26014	2.26161	2.26121	2.26065	2.25989	2.26151	2.25948	2.26130	2.26054	2.26002	2.26112	2.26010	2.25994	2.26084	2.26049	2.25996	2.26024
0.0095455	2.24140	2.24081	2.24197	2.24081	2.24179	2.24174	2.24191	2.24115	2.24185	2.24119	2.24071	2.24131	2.24137	2.24089	2.24343	2.24080	2.24194	2.24244	2.24186	2.24075	2.24082	2.24107	2.24128	2.24181	2.24128	2.24148	2.24116	2.24251	2.24125	2.24086	2.24094	2.24087	2.24106	2.24150	2.24090	2.24192	2.24086	2.24195	2.24189	2.24162	2.24079	2.24231	2.24050	2.24193	2.24160	2.24110	2.24211	2.24105	2.24098	2.24146	2.24133	2.24091	2.24106
0.0107227	2.22999	2.22951	2.23047	2.22954	2.23031	2.23000	2.23030	2.22991	2.23026	2.22982	2.22951	2.23000	2.22992	2.22967	2.23176	2.22952	2.23033	2.23054	2.23012	2.22945	2.22948	2.22984	2.22991	2.23046	2.22991	2.23005	2.22972	2.23080	2.22980	2.22963	2.22958	2.22968	2.22975	2.23024	2.22955	2.23045	2.22952	2.23022	2.23037	2.23024	2.22949	2.23079	2.22933	2.23030	2.23029	2.22990	2.23076	2.22975	2.22974	2.22992	2.22994	2.22964	2.22968
0.0120450	2.22513	2.22478	2.22550	2.22477	2.22541	2.22497	2.22526	2.22515	2.22523	2.22498	2.22481	2.22520	2.22506	2.22494	2.22654	2.22478	2.22522	2.22530	2.22511	2.22472	2.22473	2.22508	2.22506	2.22564	2.22505	2.22515	2.22486	2.22566	2.22498	2.22490	2.22480	2.22497	2.22495	2.22547	2.22482	2.22548	2.22482	2.22515	2.22539	2.22532	2.22474	2.22577	2.22467	2.22523	2.22542	2.22520	2.22583	2.22497	2.22498	2.22494	2.22508	2.22490	2.22487
0.0135305	2.22587	2.22562	2.22623	2.22559	2.22615	2.22571	2.22594	2.22594	2.22591	2.22574	2.22567	2.22598	2.22583	2.22576	2.22690	2.22563	2.22583	2.22586	2.22582	2.22558	2.22558	2.22578	2.22582	2.22637	2.22581	2.22588	2.22564	2.22622	2.22577	2.22574	2.22562	2.22579	2.22574	2.22626	2.22570	2.22613	2.22573	2.22580	2.22603	2.22597	2.22559	2.22634	2.22556	2.22586	2.22608	2.22608	2.22645	2.22580	2.22579	2.22569	2.22582	2.22573	2.22567
0.0151991	2.23183	2.23164	2.23214	2.23162	2.23213	2.23170	2.23189	2.23192	2.23185	2.23172	2.23171	2.23194	2.23181	2.23175	2.23255	2.23166	2.23174	2.23175	2.23178	2.23162	2.23162	2.23170	2.23178	2.23219	2.23181	2.23183	2.23165	2.23207	2.23176	2.23175	2.23164	2.23176	2.23174	2.23217	2.23176	2.23201	2.23178	2.23174	2.23193	2.23188	2.23162	2.23218	2.23162	2.23176	2.23193	2.23212	2.23227	2.23183	2.23178	2.23170	2.23177	2.23175	2.23167
0.0170735	2.24331	2.24316	2.24354	2.24314	2.24366	2.24322	2.24338	2.24341	2.24333	2.24322	2.24324	2.24341	2.24331	2.24324	2.24387	2.24318	2.24321	2.24321	2.24327	2.24315	2.24316	2.24319	2.24327	2.24351	2.24332	2.24332	2.24318	2.24348	2.24326	2.24326	2.24316	2.24324	2.24325	2.24354	2.24331	2.24342	2.24327	2.24324	2.24339	2.24336	2.24315	2.24363	2.24315	2.24323	2.24332	2.24358	2.24359	2.24333	2.24328	2.24322	2.24325	2.24327	2.24318
0.0191791	2.26169	2.26156	2.26183	2.26153	2.26205	2.26162	2.26178	2.26179	2.26168	2.26160	2.26164	2.26177	2.26170	2.26161	2.26225	2.26158	2.26159	2.26158	2.26165	2.26154	2.26156	2.26158	2.26165	2.26180	2.26171	2.26170	2.26158	2.26181	2.26163	2.26165	2.26155	2.26160	2.26164	2.26183	2.26173	2.26174	2.26161	2.26165	2.26177	2.26174	2.26154	2.26203	2.26155	2.26161	2.26165	2.26188	2.26183	2.26168	2.26166	2.26162	2.26165	2.26168	2.26157
0.0215444	2.29042	2.29029	2.29054	2.29025	2.29071	2.29040	2.29059	2.29053	2.29038	2.29032	2.29039	2.29048	2.29042	2.29032	2.29114	2.29031	2.29031	2.29029	2.29039	2.29025	2.29030	2.29031	2.29038	2.29051	2.29045	2.29043	2.29034	2.29054	2.29035	2.29038	2.29026	2.29031	2.29037	2.29054	2.29046	2.29044	2.29030	2.29044	2.29053	2.29048	2.29025	2.29082	2.29027	2.29033	2.29037	2.29054	2.29049	2.29036	2.29038	2.29036	2.29041	2.29048	2.29030
0.0242013	2.33836	2.33820	2.33855	2.33814	2.33860	2.33842	2.33874	2.33851	2.33827	2.33827	2.33835	2.33840	2.33832	2.33823	2.33903	2.33823	2.33827	2.33821	2.33835	2.33815	2.33825	2.33825	2.33835	2.33845	2.33837	2.33834	2.33829	2.33854	2.33828	2.33829	2.33817	2.33825	2.33828	2.33858	2.33842	2.33840	2.33819	2.33849	2.33853	2.33843	2.33815	2.33875	2.33820	2.33826	2.33838	2.33843	2.33845	2.33828	2.33831	2.33829	2.33834	2.33853	2.33825
0.0271859	2.43316	2.43302	2.43329	2.43301	2.43329	2.43319	2.43349	2.43321	2.43305	2.43314	2.43330	2.43309	2.43304	2.43304	2.43363	2.43300	2.43322	2.43311	2.43313	2.43300	2.43304	2.43311	2.43315	2.43320	2.43306	2.43314	2.43307	2.43334	2.43315	2.43303	2.43310	2.43312	2.43305	2.43326	2.43320	2.43317	2.43300	2.43338	2.43314	2.43316	2.43297	2.43327	2.43310	2.43316	2.43324	2.43315	2.43322	2.43310	2.43317	2.43309	2.43319	2.43321	2.43315
0.0305386	2.46104	2.46104	2.46104	2.46104	2.46104	2.46104	2.46104	2.46104	2.46104	2.46104	2.46104	2.46104	2.46104	2.46104	2.46104	2.46104	2.46104	2.46104	2.46104	2.46104	2.46104	2.46104	2.46104	2.46104	2.46104	2.46104	2.46104	2.46104	2.46104	2.46104	2.46104	2.46104	2.46104	2.46104	2.46104	2.46104	2.46104	2.46104	2.46104	2.46104	2.46104	2.46104	2.46104	2.46104	2.46104	2.46104	2.46104	2.46104	2.46104	2.46104	2.46104	2.46104	2.46104
0.0343047	2.46104	2.46104	2.46104	2.46104	2.46104	2.46104	2.46104	2.46104	2.46104	2.46104	2.46104	2.46104	2.46104	2.46104	2.46104	2.46104	2.46104	2.46104	2.46104	2.46104	2.46104	2.46104	2.46104	2.46104	2.46104	2.46104	2.46104	2.46104	2.46104	2.46104	2.46104	2.46104	2.46104	2.46104	2.46104	2.46104	2.46104	2.46104	2.46104	2.46104	2.46104	2.46104	2.46104	2.46104	2.46104	2.46104	2.46104	2.46104	2.46104	2.46104	2.46104	2.46104	2.46104
0.0385353	2.46104	2.46104	2.46104	2.46104	2.46104	2.46104	2.46104	2.46104	2.46104	2.46104	2.46104	2.46104	2.46104	2.46104	2.46104	2.46104	2.46104	2.46104	2.46104	2.46104	2.46104	2.46104	2.46104	2.46104	2.46104	2.46104	2.46104	2.46104	2.46104	2.46104	2.46104	2.46104	2.46104	2.46104	2.46104	2.46104	2.46104	2.46104	2.46104	2.46104	2.46104	2.46104	2.46104	2.46104	2.46104	2.46104	2.46104	2.46104	2.46104	2.46104	2.46104	2.46104	2.46104
0.0432876	2.46104	2.46104	2.46104	2.46104	2.46104	2.46104	2.46104	2.46104	2.46104	2.46104	2.46104	2.46104	2.46104	2.46104	2.46104	2.46104	2.46104	2.46104	2.46104	2.46104	2.46104	2.46104	2.46104	2.46104	2.46104	2.46104	2.46104	2.46104	2.46104	2.46104	2.46104	2.46104	2.46104	2.46104	2.46104	2.46104	2.46104	2.46104	2.46104	2.46104	2.46104	2.46104	2.46104	2.46104	2.46104	2.46104	2.46104	2.46104	2.46104	2.46104	2.46104	2.46104	2.46104
0.0486260	2.46104	2.46104	2.46104	2.46104	2.46104	2.46104	2.46104	2.46104	2.46104	2.46104	2.46104	2.46104	2.46104	2.46104	2.46104	2.46104	2.46104	2.46104	2.46104	2.46104	2.46104	2.46104	2.46104	2.46104	2.46104	2.46104	2.46104	2.46104	2.46104	2.46104	2.46104	2.46104	2.46104	2.46104	2.46104	2.46104	2.46104	2.46104	2.46104	2.46104	2.46104	2.46104	2.46104	2.46104	2.46104	2.46104	2.46104	2.46104	2.46104	2.46104	2.46104	2.46104	2.46104
0.0546228	2.46104	2.46104	2.46104	2.46104	2.46104	2.46104	2.46104	2.46104	2.46104	2.46104	2.46104	2.46104	2.46104	2.46104	2.46104	2.46104	2.46104	2.46104	2.46104	2.46104	2.46104	2.46104	2.46104	2.46104	2.46104	2.46104	2.46104	2.46104	2.46104	2.46104	2.46104	2.46104	2.46104	2.46104	2.46104	2.46104	2.46104	2.46104	2.46104	2.46104	2.46104	2.46104	2.46104	2.46104	2.46104	2.46104	2.46104	2.46104	2.46104	2.46104	2.46104	2.46104	2.46104
0.0613591	2.46104	2.46104	2.46104	2.46104	2.46104	2.46104	2.46104	2.46104	2.46104	2.46104	2.46104	2.46104	2.46104	2.46104	2.46104	2.46104	2.46104	2.46104	2.46104	2.46104	2.46104	2.46104	2.46104	2.46104	2.46104	2.46104	2.46104	2.46104	2.46104	2.46104	2.46104	2.46104	2.46104	2.46104	2.46104	2.46104	2.46104	2.46104	2.46104	2.46104	2.46104	2.46104	2.46104	2.46104	2.46104	2.46104	2.46104	2.46104	2.46104	2.46104	2.46104	2.46104	2.46104
0.0689261	2.46104	2.46104	2.46104	2.46104	2.46104	2.46104	2.46104	2.46104	2.46104	2.46104	2.46104	2.46104	2.46104	2.46104	2.46104	2.46104	2.46104	2.46104	2.46104	2.46104	2.46104	2.46104	2.46104	2.46104	2.46104	2.46104	2.46104	2.46104	2.46104	2.46104	2.46104	2.46104	2.46104	2.46104	2.46104	2.46104	2.46104	2.46104	2.46104	2.46104	2.46104	2.46104	2.46104	2.46104	2.46104	2.46104	2.46104	2.46104	2.46104	2.46104	2.46104	2.46104	2.46104
0.0774264	2.46104	2.46104	2.46104	2.46104	2.46104	2.46104	2.46104	2.46104	2.46104	2.46104	2.46104	2.46104	2.46104	2.46104	2.46104	2.46104	2.46104	2.46104	2.46104	2.46104	2.46104	2.46104	2.46104	2.46104	2.46104	2.46104	2.46104	2.46104	2.46104	2.46104	2.46104	2.46104	2.46104	2.46104	2.46104	2.46104	2.46104	2.46104	2.46104	2.46104	2.46104	2.46104	2.46104	2.46104	2.46104	2.46104	2.46104	2.46104	2.46104	2.46104	2.46104	2.46104	2.46104
0.0869749	2.46104	2.46104	2.46104	2.46104	2.46104	2.46104	2.46104	2.46104	2.46104	2.46104	2.46104	2.46104	2.46104	2.46104	2.46104	2.46104	2.46104	2.46104	2.46104	2.46104	2.46104	2.46104	2.46104	2.46104	2.46104	2.46104	2.46104	2.46104	2.46104	2.46104	2.46104	2.46104	2.46104	2.46104	2.46104	2.46104	2.46104	2.46104	2.46104	2.46104	2.46104	2.46104	2.46104	2.46104	2.46104	2.46104	2.46104	2.46104	2.46104	2.46104	2.46104	2.46104	2.46104
0.0977010	2.46104	2.46104	2.46104	2.46104	2.46104	2.46104	2.46104	2.46104	2.46104	2.46104	2.46104	2.46104	2.46104	2.46104	2.46104	2.46104	2.46104	2.46104	2.46104	2.46104	2.46104	2.46104	2.46104	2.46104	2.46104	2.46104	2.46104	2.46104	2.46104	2.46104	2.46104	2.46104	2.46104	2.46104	2.46104	2.46104	2.46104	2.46104	2.46104	2.46104	2.46104	2.46104	2.46104	2.46104	2.46104	2.46104	2.46104	2.46104	2.46104	2.46104	2.46104	2.46104	2.46104
0.1097499	2.46104	2.46104	2.46104	2.46104	2.46104	2.46104	2.46104	2.46104	2.46104	2.46104	2.46104	2.46104	2.46104	2.46104	2.46104	2.46104	2.46104	2.46104	2.46104	2.46104	2.46104	2.46104	2.46104	2.46104	2.46104	2.46104	2.46104	2.46104	2.46104	2.46104	2.46104	2.46104	2.46104	2.46104	2.46104	2.46104	2.46104	2.46104	2.46104	2.46104	2.46104	2.46104	2.46104	2.46104	2.46104	2.46104	2.46104	2.46104	2.46104	2.46104	2.46104	2.46104	2.46104
0.1232847	2.46104	2.46104	2.46104	2.46104	2.46104	2.46104	2.46104	2.46104	2.46104	2.46104	2.46104	2.46104	2.46104	2.46104	2.46104	2.46104	2.46104	2.46104	2.46104	2.46104	2.46104	2.46104	2.46104	2.46104	2.46104	2.46104	2.46104	2.46104	2.46104	2.46104	2.46104	2.46104	2.46104	2.46104	2.46104	2.46104	2.46104	2.46104	2.46104	2.46104	2.46104	2.46104	2.46104	2.46104	2.46104	2.46104	2.46104	2.46104	2.46104	2.46104	2.46104	2.46104	2.46104
0.1384886	2.46104	2.46104	2.46104	2.46104	2.46104	2.46104	2.46104	2.46104	2.46104	2.46104	2.46104	2.46104	2.46104	2.46104	2.46104	2.46104	2.46104	2.46104	2.46104	2.46104	2.46104	2.46104	2.46104	2.46104	2.46104	2.46104	2.46104	2.46104	2.46104	2.46104	2.46104	2.46104	2.46104	2.46104	2.46104	2.46104	2.46104	2.46104	2.46104	2.46104	2.46104	2.46104	2.46104	2.46104	2.46104	2.46104	2.46104	2.46104	2.46104	2.46104	2.46104	2.46104	2.46104
0.1555676	2.46104	2.46104	2.46104	2.46104	2.46104	2.46104	2.46104	2.46104	2.46104	2.46104	2.46104	2.46104	2.46104	2.46104	2.46104	2.46104	2.46104	2.46104	2.46104	2.46104	2.46104	2.46104	2.46104	2.46104	2.46104	2.46104	2.46104	2.46104	2.46104	2.46104	2.46104	2.46104	2.46104	2.46104	2.46104	2.46104	2.46104	2.46104	2.46104	2.46104	2.46104	2.46104	2.46104	2.46104	2.46104	2.46104	2.46104	2.46104	2.46104	2.46104	2.46104	2.46104	2.46104
0.1747529	2.46104	2.46104	2.46104	2.46104	2.46104	2.46104	2.46104	2.46104	2.46104	2.46104	2.46104	2.46104	2.46104	2.46104	2.46104	2.46104	2.46104	2.46104	2.46104	2.46104	2.46104	2.46104	2.46104	2.46104	2.46104	2.46104	2.46104	2.46104	2.46104	2.46104	2.46104	2.46104	2.46104	2.46104	2.46104	2.46104	2.46104	2.46104	2.46104	2.46104	2.46104	2.46104	2.46104	2.46104	2.46104	2.46104	2.46104	2.46104	2.46104	2.46104	2.46104	2.46104	2.46104
0.1963040	2.46104	2.46104	2.46104	2.46104	2.46104	2.46104	2.46104	2.46104	2.46104	2.46104	2.46104	2.46104	2.46104	2.46104	2.46104	2.46104	2.46104	2.46104	2.46104	2.46104	2.46104	2.46104	2.46104	2.46104	2.46104	2.46104	2.46104	2.46104	2.46104	2.46104	2.46104	2.46104	2.46104	2.46104	2.46104	2.46104	2.46104	2.46104	2.46104	2.46104	2.46104	2.46104	2.46104	2.46104	2.46104	2.46104	2.46104	2.46104	2.46104	2.46104	2.46104	2.46104	2.46104
0.2205130	2.46104	2.46104	2.46104	2.46104	2.46104	2.46104	2.46104	2.46104	2.46104	2.46104	2.46104	2.46104	2.46104	2.46104	2.46104	2.46104	2.46104	2.46104	2.46104	2.46104	2.46104	2.46104	2.46104	2.46104	2.46104	2.46104	2.46104	2.46104	2.46104	2.46104	2.46104	2.46104	2.46104	2.46104	2.46104	2.46104	2.46104	2.46104	2.46104	2.46104	2.46104	2.46104	2.46104	2.46104	2.46104	2.46104	2.46104	2.46104	2.46104	2.46104	2.46104	2.46104	2.46104
0.2477076	2.46104	2.46104	2.46104	2.46104	2.46104	2.46104	2.46104	2.46104	2.46104	2.46104	2.46104	2.46104	2.46104	2.46104	2.46104	2.46104	2.46104	2.46104	2.46104	2.46104	2.46104	2.46104	2.46104	2.46104	2.46104	2.46104	2.46104	2.46104	2.46104	2.46104	2.46104	2.46104	2.46104	2.46104	2.46104	2.46104	2.46104	2.46104	2.46104	2.46104	2.46104	2.46104	2.46104	2.46104	2.46104	2.46104	2.46104	2.46104	2.46104	2.46104	2.46104	2.46104	2.46104
0.2782559	2.46104	2.46104	2.46104	2.46104	2.46104	2.46104	2.46104	2.46104	2.46104	2.46104	2.46104	2.46104	2.46104	2.46104	2.46104	2.46104	2.46104	2.46104	2.46104	2.46104	2.46104	2.46104	2.46104	2.46104	2.46104	2.46104	2.46104	2.46104	2.46104	2.46104	2.46104	2.46104	2.46104	2.46104	2.46104	2.46104	2.46104	2.46104	2.46104	2.46104	2.46104	2.46104	2.46104	2.46104	2.46104	2.46104	2.46104	2.46104	2.46104	2.46104	2.46104	2.46104	2.46104
0.3125716	2.46104	2.46104	2.46104	2.46104	2.46104	2.46104	2.46104	2.46104	2.46104	2.46104	2.46104	2.46104	2.46104	2.46104	2.46104	2.46104	2.46104	2.46104	2.46104	2.46104	2.46104	2.46104	2.46104	2.46104	2.46104	2.46104	2.46104	2.46104	2.46104	2.46104	2.46104	2.46104	2.46104	2.46104	2.46104	2.46104	2.46104	2.46104	2.46104	2.46104	2.46104	2.46104	2.46104	2.46104	2.46104	2.46104	2.46104	2.46104	2.46104	2.46104	2.46104	2.46104	2.46104
0.3511193	2.46104	2.46104	2.46104	2.46104	2.46104	2.46104	2.46104	2.46104	2.46104	2.46104	2.46104	2.46104	2.46104	2.46104	2.46104	2.46104	2.46104	2.46104	2.46104	2.46104	2.46104	2.46104	2.46104	2.46104	2.46104	2.46104	2.46104	2.46104	2.46104	2.46104	2.46104	2.46104	2.46104	2.46104	2.46104	2.46104	2.46104	2.46104	2.46104	2.46104	2.46104	2.46104	2.46104	2.46104	2.46104	2.46104	2.46104	2.46104	2.46104	2.46104	2.46104	2.46104	2.46104
0.3944205	2.46104	2.46104	2.46104	2.46104	2.46104	2.46104	2.46104	2.46104	2.46104	2.46104	2.46104	2.46104	2.46104	2.46104	2.46104	2.46104	2.46104	2.46104	2.46104	2.46104	2.46104	2.46104	2.46104	2.46104	2.46104	2.46104	2.46104	2.46104	2.46104	2.46104	2.46104	2.46104	2.46104	2.46104	2.46104	2.46104	2.46104	2.46104	2.46104	2.46104	2.46104	2.46104	2.46104	2.46104	2.46104	2.46104	2.46104	2.46104	2.46104	2.46104	2.46104	2.46104	2.46104
0.4430621	2.46104	2.46104	2.46104	2.46104	2.46104	2.46104	2.46104	2.46104	2.46104	2.46104	2.46104	2.46104	2.46104	2.46104	2.46104	2.46104	2.46104	2.46104	2.46104	2.46104	2.46104	2.46104	2.46104	2.46104	2.46104	2.46104	2.46104	2.46104	2.46104	2.46104	2.46104	2.46104	2.46104	2.46104	2.46104	2.46104	2.46104	2.46104	2.46104	2.46104	2.46104	2.46104	2.46104	2.46104	2.46104	2.46104	2.46104	2.46104	2.46104	2.46104	2.46104	2.46104	2.46104
0.4977023	2.46104	2.46104	2.46104	2.46104	2.46104	2.46104	2.46104	2.46104	2.46104	2.46104	2.46104	2.46104	2.46104	2.46104	2.46104	2.46104	2.46104	2.46104	2.46104	2.46104	2.46104	2.46104	2.46104	2.46104	2.46104	2.46104	2.46104	2.46104	2.46104	2.46104	2.46104	2.46104	2.46104	2.46104	2.46104	2.46104	2.46104	2.46104	2.46104	2.46104	2.46104	2.46104	2.46104	2.46104	2.46104	2.46104	2.46104	2.46104	2.46104	2.46104	2.46104	2.46104	2.46104
0.5590811	2.46104	2.46104	2.46104	2.46104	2.46104	2.46104	2.46104	2.46104	2.46104	2.46104	2.46104	2.46104	2.46104	2.46104	2.46104	2.46104	2.46104	2.46104	2.46104	2.46104	2.46104	2.46104	2.46104	2.46104	2.46104	2.46104	2.46104	2.46104	2.46104	2.46104	2.46104	2.46104	2.46104	2.46104	2.46104	2.46104	2.46104	2.46104	2.46104	2.46104	2.46104	2.46104	2.46104	2.46104	2.46104	2.46104	2.46104	2.46104	2.46104	2.46104	2.46104	2.46104	2.46104
0.6280293	2.46104	2.46104	2.46104	2.46104	2.46104	2.46104	2.46104	2.46104	2.46104	2.46104	2.46104	2.46104	2.46104	2.46104	2.46104	2.46104	2.46104	2.46104	2.46104	2.46104	2.46104	2.46104	2.46104	2.46104	2.46104	2.46104	2.46104	2.46104	2.46104	2.46104	2.46104	2.46104	2.46104	2.46104	2.46104	2.46104	2.46104	2.46104	2.46104	2.46104	2.46104	2.46104	2.46104	2.46104	2.46104	2.46104	2.46104	2.46104	2.46104	2.46104	2.46104	2.46104	2.46104
0.7054805	2.46104	2.46104	2.46104	2.46104	2.46104	2.46104	2.46104	2.46104	2.46104	2.46104	2.46104	2.46104	2.46104	2.46104	2.46104	2.46104	2.46104	2.46104	2.46104	2.46104	2.46104	2.46104	2.46104	2.46104	2.46104	2.46104	2.46104	2.46104	2.46104	2.46104	2.46104	2.46104	2.46104	2.46104	2.46104	2.46104	2.46104	2.46104	2.46104	2.46104	2.46104	2.46104	2.46104	2.46104	2.46104	2.46104	2.46104	2.46104	2.46104	2.46104	2.46104	2.46104	2.46104
0.7924827	2.46104	2.46104	2.46104	2.46104	2.46104	2.46104	2.46104	2.46104	2.46104	2.46104	2.46104	2.46104	2.46104	2.46104	2.46104	2.46104	2.46104	2.46104	2.46104	2.46104	2.46104	2.46104	2.46104	2.46104	2.46104	2.46104	2.46104	2.46104	2.46104	2.46104	2.46104	2.46104	2.46104	2.46104	2.46104	2.46104	2.46104	2.46104	2.46104	2.46104	2.46104	2.46104	2.46104	2.46104	2.46104	2.46104	2.46104	2.46104	2.46104	2.46104	2.46104	2.46104	2.46104
0.8902149	2.46104	2.46104	2.46104	2.46104	2.46104	2.46104	2.46104	2.46104	2.46104	2.46104	2.46104	2.46104	2.46104	2.46104	2.46104	2.46104	2.46104	2.46104	2.46104	2.46104	2.46104	2.46104	2.46104	2.46104	2.46104	2.46104	2.46104	2.46104	2.46104	2.46104	2.46104	2.46104	2.46104	2.46104	2.46104	2.46104	2.46104	2.46104	2.46104	2.46104	2.46104	2.46104	2.46104	2.46104	2.46104	2.46104	2.46104	2.46104	2.46104	2.46104	2.46104	2.46104	2.46104
