eta	mean	conf_05	conf_95	trace_00	trace_01	trace_02	trace_03	trace_04	trace_05	trace_06	trace_07	trace_08	trace_09	trace_10	trace_11	trace_12	trace_13	trace_14	trace_15	trace_16	trace_17	trace_18	trace_19	trace_20	trace_21	trace_22	trace_23	trace_24	trace_25	trace_26	trace_27	trace_28	trace_29	trace_30	trace_31	trace_32	trace_33	trace_34	trace_35	trace_36	trace_37	trace_38	trace_39	trace_40	trace_41	trace_42	trace_43	trace_44	trace_45	trace_46	trace_47	trace_48	trace_49
0.0000100	2.01474	0.83870	3.18580	1.91427	3.16642	0.74633	2.23123	2.10290	1.61944	1.56304	2.49655	3.02970	1.06068	1.97741	1.56956	2.73219	1.71007	2.47225	2.38264	1.19472	1.95490	2.71090	1.33034	1.74871	2.91785	2.90163	2.42582	1.85319	1.56154	2.18163	4.47638	0.68153	1.64855	0.34020	0.84896	0.48218	3.47008	3.36026	2.29713	0.97615	2.47606	3.51430	1.36866	1.06943	0.71370	1.40121	1.65882	2.15432	3.42564	2.91177	2.67547	1.57639	1.65401
0.0000112	2.02421	0.79253	3.19239	2.03884	2.82697	0.40762	2.22670	2.06493	1.76578	1.64387	2.40374	3.18727	0.92796	2.53082	1.41138	2.74815	1.94754	2.37353	2.41164	1.30577	1.98226	2.74740	1.34674	1.64118	2.98975	3.09503	2.47484	1.80340	1.28269	1.98543	4.59242	0.75763	1.52294	0.31899	0.79640	0.49100	3.39108	3.23854	2.48918	1.10812	2.31798	3.29482	1.53558	1.09150	0.72005	1.43241	1.93001	2.11092	3.59618	2.86285	2.65200	1.51642	1.87230
0.0000126	2.02457	0.82893	3.18929	1.93557	2.81850	0.63524	2.34119	2.07620	1.78544	1.53574	2.54081	3.01996	1.17097	2.09161	1.60257	2.66160	2.01147	2.44115	2.26732	1.29423	2.18087	3.17340	1.36634	1.55441	2.81079	3.17369	2.58055	1.69575	1.22484	2.21749	4.05660	0.82923	1.70665	0.37363	0.74421	0.47679	3.37930	3.32966	2.26191	1.01473	2.50339	3.33851	1.56145	1.06097	0.82625	1.39850	1.74766	1.96457	3.69735	2.90487	2.61077	1.32520	1.90844
0.0000142	2.03758	0.79892	3.14525	2.07006	2.96170	0.61295	2.32462	1.99502	1.74929	1.58640	2.32866	2.93650	1.02375	2.06705	1.63057	2.74100	1.48322	2.40948	2.31447	1.31174	2.12529	3.16268	1.65192	1.62214	2.98257	3.02898	2.27039	1.69419	2.04348	2.18385	4.58469	0.80095	1.60946	0.28098	0.62021	0.49142	3.04139	3.21762	2.36707	1.13235	2.27909	3.26509	1.51462	1.12470	0.78062	1.32997	1.94737	2.05269	3.70263	3.14331	2.63974	1.55977	2.08147
0.0000159	2.01820	0.84723	3.10701	2.05554	2.66466	0.73022	2.43495	2.12610	1.62370	1.64132	2.26124	2.84127	1.02680	2.00494	1.74547	2.66890	1.81555	2.38786	2.38653	1.33519	2.15373	2.94095	1.42788	1.54881	2.85641	3.21142	2.59278	1.87950	1.92544	2.11296	4.26054	0.87179	1.44675	0.37386	0.84742	0.56970	3.05217	3.11505	2.35032	0.84544	2.17222	3.39515	1.59300	1.10228	0.82218	1.32613	1.92343	1.89874	3.54794	3.10611	2.58844	1.51436	1.78686
0.0000179	2.02308	0.84688	3.24920	2.02810	2.95403	0.62922	2.19180	2.06812	1.68549	1.62583	2.64410	2.83805	1.01890	1.97193	1.67344	2.75242	1.67102	2.28573	2.35657	1.27312	1.90158	3.23083	1.60214	1.45350	2.90785	3.31733	2.40446	1.75151	1.73649	2.15972	4.07630	1.02518	1.33922	0.28533	0.77782	0.47220	3.24163	3.44173	2.25884	0.85334	2.33572	3.35902	1.61294	1.30423	0.78879	1.38613	1.78299	1.91888	3.58801	3.03274	2.63352	1.42324	2.08318
0.0000201	2.02550	0.78460	3.21072	1.83944	2.75531	0.69611	2.15546	1.82450	1.65526	1.62988	2.53486	3.07515	1.05309	2.11415	1.49618	2.77041	1.49407	2.33651	2.25780	1.32655	1.97934	3.27001	1.69246	1.54321	2.97416	3.09147	2.39284	1.83769	2.09577	2.19321	3.93258	0.78543	1.77364	0.39180	0.68871	0.63645	3.48266	3.20413	2.23378	1.04987	2.18824	3.37679	1.49003	1.15832	0.77707	1.37832	1.82136	1.97935	3.67052	3.04307	2.61093	1.40266	2.11447
0.0000226	2.01937	0.95136	3.18334	1.93410	2.79234	0.60375	2.45255	2.10742	1.69857	1.55862	2.21517	2.89017	0.97086	1.92195	1.67359	2.69249	1.68996	2.42902	2.60435	1.30797	1.92503	3.46787	1.73156	1.58329	2.69151	3.24234	2.48425	1.91018	1.71085	2.20562	4.53157	0.93355	1.50193	0.32681	0.70109	0.52004	3.29053	3.17317	2.32589	0.95334	2.20200	3.23025	1.51119	1.20817	0.97811	1.09260	1.86149	1.98912	3.17813	3.04673	2.58567	1.38206	1.94985
0.0000254	2.02545	0.96236	3.17943	1.93536	2.67882	0.56097	2.49320	2.21420	1.74087	1.52714	1.96363	2.97260	1.22913	2.26576	1.52150	2.65789	1.90256	2.17402	2.31034	1.23419	2.14656	2.63061	1.26475	1.68295	2.81971	3.16901	2.29964	1.95875	1.65140	2.06108	4.30981	0.92878	1.82905	0.42346	0.74151	0.76390	3.45005	3.27319	2.22558	1.09726	2.15485	3.40910	1.59595	1.35804	0.96609	1.20985	1.84516	1.99426	3.63814	2.99334	2.61842	1.46342	1.91644
0.0000285	2.01372	1.08410	3.01048	1.89699	2.72970	0.60021	2.28066	2.41300	1.51297	1.71931	2.25166	2.72972	1.20594	2.06630	1.61073	2.68636	1.90512	2.23297	2.41833	1.34604	1.93041	2.58706	1.74843	1.70984	2.99428	3.15622	2.43179	1.81026	1.26288	2.21482	4.18877	1.03095	1.90342	0.33609	0.73423	0.54888	3.29665	2.93617	2.22870	1.10780	2.20712	3.28343	1.74834	1.24632	1.09001	1.26653	1.75979	1.92953	3.47314	2.90317	2.55449	1.62541	1.83515
0.0000320	2.00197	0.91819	3.13576	1.97416	2.98553	0.75132	2.30996	1.91708	1.64627	1.65736	2.69424	2.80144	0.97372	1.95189	1.63598	2.51377	1.83060	2.27616	2.25200	1.37968	1.86855	3.17670	1.59955	1.76924	2.68997	3.42676	2.30484	1.92201	1.21527	2.28014	4.17780	0.92182	1.69110	0.36671	0.81886	0.55847	3.35278	3.07136	2.32403	1.22116	2.10918	3.13121	1.57677	1.08504	0.88557	1.20613	1.65903	1.93931	3.45275	3.02738	2.49583	1.42384	1.79803
0.0000359	2.01238	0.88687	3.01339	1.99285	2.99905	0.56651	2.19205	2.23931	1.69681	1.45452	2.42132	2.95769	1.12197	2.39684	1.58846	2.58891	2.19044	2.10267	2.47726	1.28121	1.79753	2.81480	1.54164	1.58362	2.68855	2.91400	2.29275	2.15064	1.94329	1.96646	3.75657	0.83755	1.90083	0.48207	0.88995	0.57178	3.52720	3.14241	2.09269	1.14756	2.09068	3.14292	1.57425	1.14563	0.85912	1.49331	1.66564	1.97572	3.40651	2.78400	2.55346	1.53728	2.08062
0.0000404	2.00173	0.98188	3.11502	2.15407	3.18730	0.59259	2.27351	2.02540	1.55337	1.84683	2.23258	2.58521	0.99291	2.40384	1.77270	2.40161	1.87644	2.33684	2.26029	1.43339	1.78737	2.87901	1.55156	1.61150	2.56256	3.11005	2.34201	2.05603	1.74280	2.17531	3.63539	1.06315	1.83435	0.61711	0.61759	0.82332	3.29003	3.08226	2.11427	1.31971	2.03808	3.15981	1.59523	1.34714	0.88256	1.21222	1.58994	1.89389	3.51853	2.89668	2.48237	1.51577	1.81006
0.0000453	1.98672	1.00860	2.94457	1.79733	2.68172	0.84696	2.52761	2.05542	1.49883	1.51079	2.20732	2.67800	1.01152	2.09985	1.62875	2.60167	1.97668	2.10426	2.30536	1.30836	1.83349	2.68686	1.52633	1.68397	2.49346	3.55471	2.48424	2.03176	1.84445	2.11654	3.74538	1.05608	1.99231	0.61455	0.74372	0.67049	3.36246	2.89811	2.17506	1.19411	2.00643	3.18072	1.61109	1.11022	0.98228	1.21472	1.63963	1.98054	3.45201	2.91833	2.55135	1.35330	1.78712
0.0000509	1.99928	1.16742	3.00854	2.10023	2.96804	0.86542	2.30761	2.14762	1.53484	1.57752	2.13667	2.81884	1.25325	2.50465	1.74525	2.27848	1.79039	1.98056	2.47903	1.26845	2.01389	3.00852	1.50059	1.81501	2.82663	2.89459	2.49699	1.98899	1.56572	2.17169	3.72634	0.84481	1.69147	0.50322	0.72293	0.72090	3.00872	3.06328	1.89968	1.40145	2.20441	3.32935	1.36295	1.36004	1.20097	1.22886	1.53216	2.09288	3.50555	2.65269	2.30813	1.49852	2.06535
0.0000572	1.98529	0.96796	3.04008	2.23898	2.75999	0.64777	1.82866	2.22186	1.60051	1.85418	2.25139	2.45978	1.23221	2.36033	1.78064	2.32835	2.15604	2.17470	2.22045	1.36316	1.72150	3.03957	1.58949	1.66222	2.49747	3.09737	2.44678	1.94506	1.37170	2.18519	3.98121	0.93057	1.90385	0.60665	0.89074	0.81804	3.31933	2.76825	2.02229	1.19944	2.03062	3.19286	1.52856	1.36975	0.97211	1.42897	1.66111	2.04683	3.04467	2.76373	2.38688	1.39691	1.96590
0.0000643	1.97932	1.04745	3.02230	2.16520	2.66610	0.73947	1.93982	2.06351	1.68831	1.80788	2.35232	2.82175	1.31194	1.99947	1.89077	2.24481	1.98344	2.18957	1.86793	1.43315	1.82455	3.02616	1.66506	1.96017	2.68094	3.48239	2.52371	1.98098	1.08081	2.28818	3.80368	1.05010	1.81536	0.66547	0.83486	0.88713	3.02187	2.71217	1.90948	1.26435	1.97958	3.08163	1.27804	1.32336	1.02355	1.44140	1.40845	2.00468	3.38278	2.47394	2.29133	1.64326	1.99137
0.0000722	1.97124	1.09636	2.88937	2.24766	2.87901	0.78164	2.30831	2.22591	1.86186	1.80936	2.20317	2.37027	1.27677	2.22679	1.79522	2.30317	2.09282	1.89695	1.95082	1.52424	1.69484	2.77702	1.75220	1.75710	2.69647	3.07404	2.31019	1.84614	1.06474	2.21446	3.99077	1.09988	2.07232	0.66388	0.81405	1.01520	3.17839	2.64558	1.86303	1.29929	1.84755	2.98267	1.31380	1.14110	1.21611	1.38889	1.40954	1.93505	3.37230	2.56428	2.37004	1.49923	1.93764
0.0000811	1.97505	1.20337	2.91768	2.23695	2.90839	0.80896	2.11045	2.34930	1.85807	1.75672	1.99249	2.52316	1.13263	2.33672	1.79437	2.27780	2.05606	2.02077	2.05188	1.42958	1.65541	2.29012	1.87003	1.89096	2.30689	3.39902	2.56996	1.77046	1.26173	2.14159	3.84606	1.21122	1.84640	0.81916	0.74442	1.12718	3.10286	2.48152	1.78139	1.35080	2.14012	3.04021	1.42633	1.37918	1.21550	1.30622	1.65466	2.01579	3.00130	2.48144	2.39276	1.56114	2.02655
0.0000911	1.95067	1.23999	2.88345	2.20658	2.86256	0.99832	2.02087	2.06171	1.66377	1.83292	2.20902	2.40592	1.25640	2.37517	1.88964	2.58915	1.65616	1.96563	2.20904	1.49904	1.81018	2.42121	1.62826	1.91674	2.39720	3.33010	2.58924	1.90657	1.49405	2.11408	3.49121	1.24894	1.70783	0.87668	0.81002	1.00711	3.07145	2.53669	1.90139	1.38086	1.88190	3.09030	1.15938	1.24920	1.35662	1.29662	1.44691	1.83118	3.14086	2.26690	2.45203	1.36221	1.65784
0.0001024	1.95054	1.24251	2.78724	2.25032	2.71179	1.13887	2.38302	2.00351	1.57989	1.77198	2.31529	2.28588	1.40249	2.30352	1.68106	2.31811	1.91742	1.93151	1.88335	1.55432	1.51729	2.85450	1.62349	1.48700	2.41338	3.20828	2.77977	1.89337	1.83180	2.14363	2.98073	1.08404	1.99361	1.05857	0.74983	0.99057	2.49080	2.41360	1.61941	1.25402	1.86052	3.20865	1.51502	1.35538	1.33335	1.59548	1.45524	1.89899	3.15709	2.44689	2.34640	1.58224	1.95162
0.0001150	1.92018	1.18853	2.70025	2.12211	2.67744	0.89872	2.05447	2.25234	1.76604	1.75970	2.03682	2.22726	1.37875	2.42343	1.82905	2.32065	1.61923	1.77910	1.93168	1.46537	1.62509	3.00337	1.83696	1.73150	1.94550	3.30751	2.48251	1.96641	1.71513	2.02581	3.04902	1.15389	1.81830	1.06763	0.84575	0.91573	2.54448	2.36162	1.74176	1.36220	1.86278	3.06406	1.56635	1.41029	1.19238	1.42631	1.54570	1.96557	2.90552	2.40229	2.31225	1.65988	1.65347
0.0001292	1.91607	1.28059	2.68561	2.03862	2.78842	1.10003	1.80433	2.31364	1.56772	1.68182	2.19923	2.21712	1.20296	2.53963	1.76170	2.63434	1.67514	1.83072	2.05378	1.44664	1.63059	2.69900	1.76198	1.65970	1.69022	2.86206	2.57004	1.73675	1.54469	2.03988	2.93614	1.28922	2.07674	1.13672	1.02303	1.13942	2.68412	2.48044	1.58872	1.34420	1.95985	2.89969	1.36306	1.57675	1.34191	1.57218	1.49847	1.82594	2.65124	2.35674	2.33205	1.57064	2.10574
0.0001451	1.90062	1.32414	2.54720	1.90509	2.49347	1.09925	1.78147	2.23165	1.76841	1.65234	2.08461	1.89901	1.32758	2.24974	1.77986	2.68763	2.09352	1.82202	1.59944	1.50129	1.43463	2.53785	1.67283	1.77756	2.03833	3.03468	2.63138	1.70302	1.64410	2.27152	3.69849	1.44165	2.08299	0.96688	1.16470	1.21646	2.37555	2.14129	1.49436	1.46495	1.63041	2.44035	1.50383	1.52501	1.59809	1.29317	1.81250	1.67880	3.01504	2.06684	2.19470	1.69990	1.80287
0.0001630	1.86177	1.34534	2.60216	2.17939	2.77245	1.24568	1.74797	2.25685	1.58984	1.66485	1.66209	2.16891	1.54833	2.41374	1.63181	2.26067	1.80774	1.75034	1.88313	1.49325	1.43376	2.60652	1.57620	1.75716	1.95669	2.85735	2.49142	1.73279	1.28044	2.01404	2.98881	1.41056	1.87592	1.23219	1.18532	1.28421	2.60168	2.04457	1.46007	1.35214	1.56581	2.74009	1.40600	1.73082	1.46902	1.59897	1.54241	1.89447	2.48902	2.08976	2.08289	1.52814	1.73227
0.0001831	1.81484	1.32171	2.40164	2.20965	2.21386	1.30832	1.60296	2.02697	1.73587	1.69979	1.59651	2.02375	1.48072	2.23388	1.70540	2.36953	1.92412	1.46021	1.91002	1.65432	1.32320	2.09942	1.77862	1.60001	1.96005	2.92610	2.46620	1.70414	1.29949	1.99190	3.26619	1.40272	1.89606	1.30130	1.15469	1.35696	2.49115	1.96646	1.39430	1.34867	1.49901	2.40125	1.23940	1.53348	1.54624	1.52116	1.46716	1.60101	2.40519	2.16264	2.15005	1.64594	1.68576
0.0002057	1.78627	1.30707	2.42481	1.84311	2.62399	1.23867	1.43532	2.18115	1.65448	1.63447	1.67471	1.78868	1.33512	2.40247	1.76258	2.14726	1.94063	1.39777	1.78341	1.72165	1.44907	2.44692	1.92019	1.74814	1.49405	2.68713	2.42235	1.41121	1.45636	1.89542	2.75308	1.57184	1.79051	1.37664	1.16319	1.17574	2.48600	1.82283	1.31008	1.43769	1.37335	2.27614	1.27996	1.58631	1.54934	1.70022	1.24916	1.75692	2.30722	2.17206	2.13013	1.59455	1.95414
0.0002310	1.73951	1.34559	2.38410	1.91419	2.49382	1.34566	1.56366	2.08058	1.53250	1.60619	1.89324	1.75212	1.40484	2.01892	1.74577	2.53909	1.55322	1.48044	1.51257	1.62819	1.30993	2.49599	1.68502	1.54648	1.71006	2.82150	2.37831	1.61689	1.45188	1.79232	2.43621	1.56650	1.86692	1.22030	1.15583	1.35368	2.30505	1.37521	1.43331	1.34500	1.61868	2.32062	1.30762	1.46688	1.54995	1.65215	1.43615	1.82579	2.24475	1.62748	1.89724	1.45799	1.63876
0.0002595	1.65994	1.31047	2.25744	1.90545	2.37738	1.25400	1.49580	1.95059	1.56533	1.43059	1.76642	1.77749	1.37415	2.16087	1.65413	2.15420	1.68114	1.44199	1.41205	1.56522	1.30749	2.28070	1.74715	1.42521	1.42907	2.33852	2.25486	1.39155	1.42648	1.79314	2.46566	1.31990	1.88569	1.19047	1.05645	1.31455	1.95953	1.49980	1.31350	1.31080	1.43064	2.24440	1.32422	1.49256	1.53463	1.54945	1.15735	1.49687	2.37361	1.92166	1.89069	1.56057	1.34329
0.0002915	1.61381	1.27409	2.20264	1.83456	2.14237	1.21696	1.47791	2.07147	1.39856	1.48047	1.50696	1.55761	1.37323	2.42128	1.52687	1.77877	1.81352	1.37312	1.56836	1.45806	1.28347	1.71498	1.73640	1.37855	1.31192	2.20115	2.46617	1.35707	1.37130	1.50649	2.77239	1.40875	1.70260	1.18400	0.99308	1.31586	2.13045	1.62045	1.22091	1.22790	1.27922	2.28777	1.37270	1.36110	1.40391	1.31589	1.50945	1.54479	2.21602	1.64466	1.85503	1.42824	1.56771
0.0003275	1.52416	1.22335	2.04284	1.71032	2.04238	1.33598	1.40075	1.89857	1.49249	1.49309	1.31456	1.41813	1.26599	2.32453	1.52269	1.66050	1.56215	1.37554	1.36088	1.59142	1.02658	1.98463	1.69346	1.41850	1.36459	2.04702	1.84155	1.26313	1.32026	1.68691	2.12241	1.32114	1.64489	1.33378	0.97790	1.42137	2.08944	1.22875	1.08509	1.43496	0.93328	2.10887	1.17471	1.46445	1.42227	1.46702	1.23564	1.39955	2.03672	1.56987	1.69964	1.35640	1.26325
0.0003678	1.41896	1.08241	1.83720	1.74723	1.96431	1.09781	1.15974	1.62801	1.33400	1.31131	1.13011	1.37863	1.20528	1.83352	1.35694	1.92584	1.43737	1.31014	1.31871	1.37768	1.09624	1.68374	1.51857	1.25353	1.06446	1.72726	1.93368	1.21269	1.29821	1.87036	1.60129	1.40353	1.59689	1.31269	0.84045	1.40651	1.80676	1.08369	1.03589	1.14250	1.07085	1.87186	1.06856	1.31529	1.54087	1.30942	1.40757	1.42877	1.69436	1.46727	1.78755	1.19908	1.38098
0.0004132	1.30538	1.01489	1.70949	1.64810	1.60092	1.16862	1.11488	1.53006	1.40999	1.23728	1.05526	1.19140	1.07980	2.10476	1.26437	1.71645	1.49084	1.00868	1.19760	1.50132	0.74185	1.57747	1.38085	1.37734	1.02323	1.87100	1.54315	1.13851	1.08730	1.43812	1.83678	1.20907	1.34197	1.14626	0.79457	1.20421	1.78564	1.05119	1.05026	1.29290	1.01558	1.70872	0.98346	1.15485	1.30451	1.23362	1.12369	0.99825	1.51165	1.25992	1.46727	1.21246	1.08297
0.0004642	1.17883	0.92177	1.42207	1.41302	1.63663	0.95809	0.94707	1.54760	1.26137	1.15921	1.09874	1.10568	1.09034	1.64892	1.26720	1.40131	1.12291	0.98167	1.14453	1.06987	0.83571	1.44120	1.41995	1.03789	0.97996	1.38080	1.52811	1.09400	0.95571	1.30041	1.28860	1.37994	1.27657	1.15943	0.86362	1.27900	1.39239	1.05649	0.78686	1.09457	0.85848	1.33234	0.92266	1.25468	1.13175	1.00335	1.01449	1.14502	1.36239	1.07196	1.30333	0.91374	1.22187
0.0005214	1.04006	0.79548	1.25047	1.14339	1.21693	1.10703	0.95802	1.10727	1.11807	1.10664	0.85166	0.96684	0.82716	1.58297	0.98995	1.23338	1.10181	0.78432	0.83176	1.17679	0.70911	1.15290	1.21841	1.01001	0.97956	1.33594	1.24925	1.00015	0.75980	1.01380	1.26143	1.19711	1.10603	0.80636	0.85032	1.00251	1.21356	0.78455	0.77837	0.92156	0.79669	1.30958	0.89433	1.04682	1.11137	1.04180	0.87065	0.97212	1.06871	1.09829	1.37042	0.91878	1.04852
0.0005857	0.89902	0.67900	1.07921	1.06237	1.01932	0.97845	0.81913	1.05797	0.92349	0.92460	0.82508	0.79392	0.79431	1.25022	0.81156	0.98190	0.88995	0.62286	0.85318	0.91922	0.66525	1.00995	0.96927	0.82693	0.81051	1.13562	1.15278	0.89337	0.66191	0.84887	1.06497	1.05455	0.83282	0.70928	0.70748	0.91896	1.16385	0.57176	0.62514	0.81542	0.68053	1.22780	0.72810	1.04902	1.07294	0.92557	0.90200	0.84191	1.03076	0.97872	1.00969	0.75095	0.78674
0.0006579	0.74755	0.58153	0.94895	0.83914	0.94869	0.75458	0.63911	0.77781	0.79011	0.77713	0.68449	0.72200	0.66060	0.95854	0.71483	0.74930	0.68862	0.52708	0.62257	0.83552	0.50849	0.85293	1.01039	0.68615	0.70396	0.98119	0.95271	0.79014	0.62054	0.76310	0.92548	0.92104	0.64739	0.67913	0.57699	0.67540	0.91114	0.58156	0.54702	0.72287	0.65672	0.95134	0.58127	0.93074	0.78642	0.77725	0.67883	0.62563	0.79985	0.64474	0.90334	0.58318	0.71054
0.0007391	0.60849	0.47578	0.75661	0.75498	0.79518	0.60250	0.49957	0.59900	0.65200	0.59395	0.54744	0.53160	0.56491	0.87862	0.60199	0.67883	0.69850	0.46618	0.53603	0.63776	0.43324	0.77126	0.69101	0.57734	0.51617	0.69732	0.73703	0.52255	0.45052	0.60470	0.66076	0.65139	0.55870	0.52930	0.48017	0.67268	0.73124	0.49192	0.47754	0.59542	0.47610	0.83891	0.47288	0.83735	0.61676	0.66251	0.58629	0.45327	0.64481	0.61239	0.67210	0.49208	0.56971
0.0008302	0.50523	0.43579	0.61735	0.53567	0.59094	0.46993	0.45095	0.50508	0.48641	0.47067	0.45113	0.47765	0.49746	0.65746	0.46977	0.50957	0.51144	0.44584	0.45453	0.59373	0.42045	0.59644	0.61884	0.47458	0.43902	0.68714	0.61718	0.43606	0.41624	0.59139	0.52810	0.56626	0.46099	0.46380	0.41037	0.45941	0.55801	0.42021	0.44068	0.49792	0.43335	0.66431	0.43977	0.73085	0.48885	0.48698	0.45445	0.44030	0.51169	0.49265	0.53714	0.44279	0.45679
0.0009326	0.47335	0.43736	0.51621	0.53477	0.46355	0.46198	0.47715	0.45995	0.45097	0.43750	0.43252	0.48791	0.43562	0.48778	0.46352	0.45820	0.43754	0.49256	0.45280	0.49618	0.48636	0.57170	0.48885	0.43613	0.44639	0.51534	0.52402	0.49020	0.45567	0.48526	0.46202	0.46886	0.47853	0.42627	0.53312	0.43290	0.47944	0.46600	0.46114	0.44328	0.48257	0.47973	0.47913	0.56762	0.44691	0.44443	0.45375	0.49409	0.46073	0.46283	0.47742	0.44350	0.49266
0.0010476	0.60874	0.53011	0.71970	0.63703	0.54625	0.56502	0.59183	0.58152	0.64676	0.54663	0.52022	0.63676	0.49523	0.53243	0.64086	0.59388	0.54004	0.72549	0.59569	0.71906	0.71287	0.77629	0.62842	0.59071	0.53555	0.80978	0.78098	0.55322	0.63246	0.62048	0.53194	0.68608	0.58122	0.67878	0.61255	0.54631	0.62593	0.60760	0.66236	0.62294	0.59180	0.52335	0.56794	0.75247	0.52245	0.52494	0.55125	0.60198	0.58325	0.55144	0.53068	0.56934	0.65491
0.0011768	1.60265	1.56025	1.66175	1.65066	1.63928	1.65669	1.56031	1.59670	1.59973	1.56785	1.55950	1.56227	1.57401	1.64471	1.59785	1.58680	1.55178	1.57786	1.57123	1.65897	1.56973	1.66184	1.65773	1.62233	1.57246	1.66565	1.66680	1.55822	1.57198	1.66191	1.61836	1.67085	1.56764	1.57612	1.59954	1.55003	1.64089	1.56176	1.57501	1.66175	1.55972	1.63539	1.56599	1.65781	1.56844	1.57739	1.57922	1.56526	1.57591	1.66026	1.65865	1.56236	1.57922
0.0013219	1.95424	1.90994	1.99994	1.99679	1.98650	1.98946	1.90900	1.97212	1.95559	1.93211	1.92849	1.93149	1.93577	1.99565	1.95950	1.94659	1.92737	1.90119	1.92291	2.00491	1.90424	1.99988	2.00055	1.96160	1.94501	2.00818	1.98295	1.90996	1.90979	1.99654	1.97584	1.98724	1.93584	1.94588	1.93814	1.91139	1.97645	1.91145	1.93364	1.97947	1.90094	1.98754	1.90996	2.00098	1.95416	1.94404	1.95801	1.93016	1.94176	1.99938	2.00284	1.92075	1.95195
0.0014850	2.16288	2.11894	2.19533	2.19243	2.18682	2.18386	2.11931	2.18387	2.16912	2.14968	2.15800	2.15998	2.15393	2.19524	2.17267	2.15766	2.14877	2.09753	2.14215	2.19535	2.11093	2.19409	2.19660	2.16752	2.17059	2.19967	2.17559	2.11948	2.11222	2.19055	2.18012	2.18130	2.16013	2.16936	2.15360	2.12218	2.17767	2.12417	2.15861	2.17830	2.09555	2.18652	2.11563	2.19615	2.17577	2.15990	2.18114	2.15696	2.16041	2.19533	2.19606	2.14045	2.17486
0.0016681	2.30539	2.28246	2.31964	2.31909	2.31695	2.31316	2.28704	2.31542	2.31196	2.30034	2.31255	2.31076	2.30380	2.32186	2.31026	2.30123	2.30224	2.25882	2.29899	2.31796	2.27856	2.31947	2.32184	2.30775	2.31453	2.32262	2.30526	2.28373	2.27234	2.31631	2.31166	2.31204	2.31194	2.31159	2.30370	2.28290	2.31034	2.28973	2.30858	2.31311	2.24902	2.31422	2.27661	2.32158	2.31347	2.30145	2.31915	2.31060	2.30703	2.32123	2.31912	2.30194	2.31377
0.0018738	2.40468	2.39683	2.41176	2.41073	2.40992	2.40683	2.40301	2.40719	2.40975	2.40047	2.40950	2.40696	2.40422	2.41226	2.40525	2.40074	2.40223	2.38826	2.40193	2.40745	2.39678	2.41004	2.41208	2.40603	2.41039	2.41177	2.40072	2.39812	2.39238	2.40750	2.40514	2.40653	2.40993	2.40626	2.40509	2.39683	2.40435	2.40101	2.40525	2.40822	2.37601	2.40596	2.39223	2.41213	2.40692	2.39897	2.41270	2.40790	2.40535	2.41176	2.40837	2.40633	2.40840
0.0021049	2.48132	2.47744	2.48527	2.48480	2.48453	2.48223	2.48290	2.48110	2.48551	2.47676	2.48376	2.48166	2.48122	2.48543	2.48055	2.47813	2.47860	2.47716	2.48009	2.48085	2.47812	2.48349	2.48534	2.48263	2.48526	2.48450	2.47832	2.47875	2.47747	2.48165	2.48035	2.48215	2.48494	2.48119	2.48269	2.47813	2.47952	2.47933	2.48005	2.48348	2.47137	2.48059	2.47412	2.48565	2.48165	2.47634	2.48669	2.48281	2.48145	2.48505	2.48143	2.48291	2.48353
0.0023645	2.54587	2.54355	2.54849	2.54823	2.54828	2.54662	2.54775	2.54486	2.54929	2.54133	2.54698	2.54549	2.54603	2.54850	2.54490	2.54342	2.54356	2.54497	2.54550	2.54457	2.54428	2.54677	2.54849	2.54709	2.54883	2.54746	2.54442	2.54466	2.54483	2.54556	2.54480	2.54654	2.54840	2.54526	2.54764	2.54448	2.54392	2.54405	2.54391	2.54754	2.54196	2.54507	2.54058	2.54894	2.54585	2.54221	2.54981	2.54659	2.54577	2.54812	2.54481	2.54710	2.54756
0.0026561	2.60220	2.60034	2.60407	2.60380	2.60407	2.60290	2.60380	2.60110	2.60485	2.59810	2.60254	2.60156	2.60248	2.60402	2.60138	2.60035	2.60054	2.60228	2.60214	2.60088	2.60144	2.60249	2.60407	2.60319	2.60443	2.60305	2.60174	2.60166	2.60223	2.60176	2.60132	2.60279	2.60392	2.60143	2.60392	2.60168	2.60052	2.60052	2.60012	2.60355	2.60025	2.60177	2.59813	2.60454	2.60222	2.59967	2.60511	2.60252	2.60192	2.60361	2.60082	2.60318	2.60352
0.0029836	2.65200	2.65064	2.65342	2.65299	2.65342	2.65261	2.65320	2.65109	2.65395	2.64865	2.65192	2.65132	2.65232	2.65331	2.65142	2.65066	2.65094	2.65234	2.65197	2.65092	2.65169	2.65201	2.65336	2.65274	2.65364	2.65247	2.65201	2.65179	2.65243	2.65159	2.65135	2.65251	2.65312	2.65121	2.65345	2.65190	2.65074	2.65055	2.65010	2.65308	2.65097	2.65188	2.64896	2.65376	2.65211	2.65034	2.65410	2.65210	2.65160	2.65287	2.65065	2.65279	2.65297
0.0033516	2.69627	2.69524	2.69730	2.69681	2.69729	2.69675	2.69709	2.69562	2.69761	2.69379	2.69598	2.69566	2.69658	2.69719	2.69592	2.69537	2.69565	2.69661	2.69617	2.69550	2.69618	2.69617	2.69724	2.69678	2.69742	2.69653	2.69644	2.69619	2.69679	2.69594	2.69583	2.69669	2.69695	2.69554	2.69738	2.69634	2.69543	2.69511	2.69471	2.69708	2.69575	2.69630	2.69414	2.69754	2.69644	2.69525	2.69772	2.69625	2.69582	2.69678	2.69512	2.69688	2.69693
0.0037649	2.73568	2.73506	2.73638	2.73593	2.73637	2.73602	2.73621	2.73529	2.73655	2.73405	2.73535	2.73521	2.73595	2.73631	2.73551	2.73516	2.73538	2.73595	2.73554	2.73520	2.73569	2.73558	2.73634	2.73602	2.73644	2.73583	2.73587	2.73566	2.73614	2.73545	2.73542	2.73601	2.73607	2.73508	2.73645	2.73581	2.73520	2.73484	2.73454	2.73625	2.73546	2.73574	2.73433	2.73653	2.73588	2.73511	2.73662	2.73563	2.73527	2.73596	2.73482	2.73612	2.73609
0.0042292	2.77076	2.77032	2.77117	2.77085	2.77117	2.77097	2.77105	2.77056	2.77125	2.76983	2.77049	2.77045	2.77095	2.77113	2.77069	2.77050	2.77065	2.77092	2.77061	2.77049	2.77078	2.77069	2.77115	2.77096	2.77120	2.77083	2.77089	2.77075	2.77107	2.77062	2.77062	2.77098	2.77096	2.77034	2.77122	2.77086	2.77052	2.77021	2.77003	2.77111	2.77068	2.77079	2.77001	2.77126	2.77091	2.77047	2.77130	2.77071	2.77045	2.77089	2.77020	2.77102	2.77097
0.0047508	2.80188	2.80166	2.80207	2.80192	2.80207	2.80197	2.80201	2.80181	2.80210	2.80148	2.80174	2.80174	2.80198	2.80205	2.80185	2.80179	2.80185	2.80195	2.80178	2.80175	2.80189	2.80185	2.80206	2.80197	2.80208	2.80192	2.80193	2.80188	2.80203	2.80182	2.80182	2.80199	2.80196	2.80166	2.80209	2.80193	2.80178	2.80160	2.80153	2.80204	2.80186	2.80190	2.80155	2.80211	2.80196	2.80176	2.80212	2.80184	2.80173	2.80193	2.80160	2.80200	2.80196
0.0053367	2.82935	2.82931	2.82938	2.82937	2.82937	2.82935	2.82936	2.82934	2.82937	2.82930	2.82940	2.82934	2.82935	2.82936	2.82933	2.82933	2.82932	2.82934	2.82935	2.82928	2.82935	2.82933	2.82937	2.82935	2.82937	2.82938	2.82932	2.82937	2.82936	2.82936	2.82932	2.82935	2.82938	2.82935	2.82937	2.82934	2.82932	2.82930	2.82931	2.82936	2.82934	2.82938	2.82929	2.82938	2.82934	2.82935	2.82938	2.82933	2.82941	2.82938	2.82931	2.82935	2.82937
0.0059948	2.85341	2.85331	2.85356	2.85340	2.85331	2.85333	2.85334	2.85341	2.85331	2.85356	2.85366	2.85350	2.85332	2.85331	2.85338	2.85339	2.85333	2.85333	2.85354	2.85335	2.85341	2.85337	2.85331	2.85334	2.85331	2.85347	2.85332	2.85346	2.85331	2.85348	2.85340	2.85331	2.85342	2.85360	2.85330	2.85334	2.85338	2.85352	2.85361	2.85331	2.85338	2.85348	2.85354	2.85330	2.85331	2.85351	2.85330	2.85337	2.85368	2.85345	2.85356	2.85332	2.85341
0.0067342	2.87424	2.87407	2.87452	2.87417	2.87407	2.87411	2.87411	2.87421	2.87407	2.87448	2.87468	2.87439	2.87408	2.87407	2.87420	2.87419	2.87410	2.87411	2.87451	2.87416	2.87426	2.87416	2.87407	2.87412	2.87407	2.87435	2.87412	2.87433	2.87407	2.87438	2.87422	2.87408	2.87425	2.87456	2.87406	2.87413	2.87419	2.87446	2.87460	2.87407	2.87419	2.87433	2.87451	2.87406	2.87408	2.87443	2.87406	2.87417	2.87469	2.87433	2.87453	2.87411	2.87429
0.0075646	2.89198	2.89178	2.89234	2.89185	2.89178	2.89182	2.89181	2.89191	2.89178	2.89222	2.89255	2.89216	2.89179	2.89178	2.89193	2.89188	2.89181	2.89182	2.89238	2.89186	2.89201	2.89185	2.89178	2.89182	2.89177	2.89214	2.89184	2.89211	2.89177	2.89219	2.89194	2.89179	2.89200	2.89234	2.89177	2.89185	2.89190	2.89223	2.89244	2.89178	2.89190	2.89200	2.89233	2.89177	2.89179	2.89227	2.89177	2.89187	2.89251	2.89214	2.89238	2.89183	2.89213
0.0084975	2.90671	2.90650	2.90710	2.90655	2.90650	2.90653	2.90653	2.90661	2.90650	2.90689	2.90733	2.90690	2.90651	2.90650	2.90665	2.90658	2.90652	2.90653	2.90720	2.90656	2.90675	2.90654	2.90650	2.90653	2.90650	2.90690	2.90657	2.90686	2.90650	2.90698	2.90663	2.90651	2.90673	2.90700	2.90650	2.90657	2.90660	2.90692	2.90723	2.90650	2.90660	2.90662	2.90704	2.90650	2.90651	2.90709	2.90649	2.90656	2.90719	2.90694	2.90715	2.90657	2.90700
0.0095455	2.91843	2.91824	2.91888	2.91826	2.91824	2.91826	2.91825	2.91831	2.91824	2.91852	2.91900	2.91866	2.91824	2.91824	2.91836	2.91828	2.91825	2.91825	2.91897	2.91828	2.91847	2.91825	2.91824	2.91826	2.91824	2.91861	2.91831	2.91858	2.91824	2.91876	2.91832	2.91824	2.91845	2.91860	2.91823	2.91830	2.91830	2.91854	2.91900	2.91824	2.91830	2.91828	2.91862	2.91823	2.91824	2.91889	2.91823	2.91827	2.91878	2.91872	2.91888	2.91831	2.91888
0.0107227	2.92705	2.92688	2.92746	2.92689	2.92688	2.92689	2.92689	2.92692	2.92688	2.92706	2.92750	2.92743	2.92688	2.92688	2.92696	2.92691	2.92689	2.92689	2.92756	2.92691	2.92707	2.92689	2.92688	2.92689	2.92688	2.92718	2.92696	2.92717	2.92688	2.92741	2.92693	2.92688	2.92706	2.92711	2.92688	2.92694	2.92692	2.92704	2.92770	2.92688	2.92692	2.92690	2.92707	2.92688	2.92688	2.92756	2.92688	2.92690	2.92728	2.92738	2.92763	2.92696	2.92745
0.0120450	2.93232	2.93218	2.93268	2.93218	2.93218	2.93218	2.93218	2.93220	2.93218	2.93227	2.93263	2.93291	2.93218	2.93218	2.93223	2.93219	2.93218	2.93218	2.93273	2.93220	2.93230	2.93218	2.93218	2.93219	2.93218	2.93237	2.93229	2.93239	2.93218	2.93268	2.93220	2.93218	2.93233	2.93249	2.93218	2.93222	2.93220	2.93224	2.93312	2.93218	2.93220	2.93218	2.93225	2.93218	2.93218	2.93276	2.93218	2.93219	2.93246	2.93268	2.93268	2.93227	2.93242
0.0135305	2.93370	2.93361	2.93395	2.93362	2.93361	2.93362	2.93362	2.93362	2.93361	2.93366	2.93390	2.93369	2.93361	2.93361	2.93364	2.93362	2.93362	2.93362	2.93398	2.93363	2.93368	2.93362	2.93361	2.93362	2.93361	2.93372	2.93382	2.93375	2.93361	2.93409	2.93362	2.93361	2.93373	2.93410	2.93361	2.93365	2.93362	2.93363	2.93428	2.93361	2.93362	2.93362	2.93364	2.93361	2.93361	2.93394	2.93361	2.93362	2.93381	2.93411	2.93368	2.93374	2.93367
0.0151991	2.93024	2.93016	2.93036	2.93016	2.93016	2.93016	2.93016	2.93017	2.93016	2.93019	2.93031	2.93018	2.93016	2.93016	2.93017	2.93017	2.93016	2.93016	2.93035	2.93018	2.93019	2.93016	2.93016	2.93017	2.93016	2.93021	2.93080	2.93024	2.93016	2.93063	2.93017	2.93016	2.93028	2.93018	2.93016	2.93020	2.93017	2.93017	2.93089	2.93016	2.93017	2.93016	2.93017	2.93016	2.93016	2.93026	2.93016	2.93017	2.93032	2.93065	2.93017	2.93046	2.93017
0.0170735	2.91975	2.91969	2.91985	2.91969	2.91969	2.91969	2.91969	2.91969	2.91969	2.91972	2.91975	2.91970	2.91969	2.91969	2.91969	2.91969	2.91969	2.91969	2.91976	2.92014	2.91970	2.91969	2.91969	2.91969	2.91969	2.91971	2.91977	2.91973	2.91969	2.92019	2.91969	2.91969	2.91985	2.91969	2.91969	2.91974	2.91969	2.91970	2.91982	2.91969	2.91969	2.91969	2.91970	2.91969	2.91969	2.91971	2.91969	2.91969	2.91989	2.92015	2.91969	2.92020	2.91969
0.0191791	2.89702	2.89699	2.89710	2.89699	2.89699	2.89699	2.89699	2.89699	2.89699	2.89708	2.89701	2.89699	2.89699	2.89699	2.89699	2.89699	2.89699	2.89699	2.89701	2.89699	2.89699	2.89699	2.89699	2.89699	2.89699	2.89700	2.89699	2.89701	2.89699	2.89721	2.89699	2.89699	2.89730	2.89699	2.89699	2.89707	2.89699	2.89721	2.89708	2.89699	2.89699	2.89699	2.89699	2.89699	2.89699	2.89699	2.89699	2.89699	2.89729	2.89731	2.89699	2.89705	2.89699
0.0215444	2.84491	2.84489	2.84492	2.84491	2.84491	2.84491	2.84492	2.84492	2.84491	2.84486	2.84491	2.84491	2.84491	2.84491	2.84491	2.84491	2.84492	2.84491	2.84491	2.84491	2.84491	2.84492	2.84491	2.84491	2.84491	2.84491	2.84491	2.84491	2.84491	2.84490	2.84491	2.84492	2.84489	2.84491	2.84491	2.84485	2.84491	2.84490	2.84487	2.84491	2.84491	2.84492	2.84491	2.84492	2.84492	2.84491	2.84491	2.84491	2.84490	2.84482	2.84491	2.84491	2.84491
0.0242013	2.61745	2.61684	2.61784	2.61768	2.61781	2.61779	2.61780	2.61765	2.61785	2.61684	2.61649	2.61707	2.61782	2.61784	2.61752	2.61742	2.61773	2.61782	2.61666	2.61771	2.61746	2.61782	2.61782	2.61704	2.61784	2.61721	2.61707	2.61719	2.61785	2.61723	2.61754	2.61779	2.61727	2.61733	2.61784	2.61719	2.61739	2.61699	2.61647	2.61782	2.61771	2.61774	2.61672	2.61785	2.61782	2.61724	2.61786	2.61741	2.61678	2.61719	2.61769	2.61721	2.61764
0.0271859	2.46104	2.46104	2.46104	2.46104	2.46104	2.46104	2.46104	2.46104	2.46104	2.46104	2.46104	2.46104	2.46104	2.46104	2.46104	2.46104	2.46104	2.46104	2.46104	2.46104	2.46104	2.46104	2.46104	2.46104	2.46104	2.46104	2.46104	2.46104	2.46104	2.46104	2.46104	2.46104	2.46104	2.46104	2.46104	2.46104	2.46104	2.46104	2.46104	2.46104	2.46104	2.46104	2.46104	2.46104	2.46104	2.46104	2.46104	2.46104	2.46104	2.46104	2.46104	2.46104	2.46104
0.0305386	2.46104	2.46104	2.46104	2.46104	2.46104	2.46104	2.46104	2.46104	2.46104	2.46104	2.46104	2.46104	2.46104	2.46104	2.46104	2.46104	2.46104	2.46104	2.46104	2.46104	2.46104	2.46104	2.46104	2.46104	2.46104	2.46104	2.46104	2.46104	2.46104	2.46104	2.46104	2.46104	2.46104	2.46104	2.46104	2.46104	2.46104	2.46104	2.46104	2.46104	2.46104	2.46104	2.46104	2.46104	2.46104	2.46104	2.46104	2.46104	2.46104	2.46104	2.46104	2.46104	2.46104
0.0343047	2.46104	2.46104	2.46104	2.46104	2.46104	2.46104	2.46104	2.46104	2.46104	2.46104	2.46104	2.46104	2.46104	2.46104	2.46104	2.46104	2.46104	2.46104	2.46104	2.46104	2.46104	2.46104	2.46104	2.46104	2.46104	2.46104	2.46104	2.46104	2.46104	2.46104	2.46104	2.46104	2.46104	2.46104	2.46104	2.46104	2.46104	2.46104	2.46104	2.46104	2.46104	2.46104	2.46104	2.46104	2.46104	2.46104	2.46104	2.46104	2.46104	2.46104	2.46104	2.46104	2.46104
0.0385353	2.46104	2.46104	2.46104	2.46104	2.46104	2.46104	2.46104	2.46104	2.46104	2.46104	2.46104	2.46104	2.46104	2.46104	2.46104	2.46104	2.46104	2.46104	2.46104	2.46104	2.46104	2.46104	2.46104	2.46104	2.46104	2.46104	2.46104	2.46104	2.46104	2.46104	2.46104	2.46104	2.46104	2.46104	2.46104	2.46104	2.46104	2.46104	2.46104	2.46104	2.46104	2.46104	2.46104	2.46104	2.46104	2.46104	2.46104	2.46104	2.46104	2.46104	2.46104	2.46104	2.46104
0.0432876	2.46104	2.46104	2.46104	2.46104	2.46104	2.46104	2.46104	2.46104	2.46104	2.46104	2.46104	2.46104	2.46104	2.46104	2.46104	2.46104	2.46104	2.46104	2.46104	2.46104	2.46104	2.46104	2.46104	2.46104	2.46104	2.46104	2.46104	2.46104	2.46104	2.46104	2.46104	2.46104	2.46104	2.46104	2.46104	2.46104	2.46104	2.46104	2.46104	2.46104	2.46104	2.46104	2.46104	2.46104	2.46104	2.46104	2.46104	2.46104	2.46104	2.46104	2.46104	2.46104	2.46104
0.0486260	2.46104	2.46104	2.46104	2.46104	2.46104	2.46104	2.46104	2.46104	2.46104	2.46104	2.46104	2.46104	2.46104	2.46104	2.46104	2.46104	2.46104	2.46104	2.46104	2.46104	2.46104	2.46104	2.46104	2.46104	2.46104	2.46104	2.46104	2.46104	2.46104	2.46104	2.46104	2.46104	2.46104	2.46104	2.46104	2.46104	2.46104	2.46104	2.46104	2.46104	2.46104	2.46104	2.46104	2.46104	2.46104	2.46104	2.46104	2.46104	2.46104	2.46104	2.46104	2.46104	2.46104
0.0546228	2.46104	2.46104	2.46104	2.46104	2.46104	2.46104	2.46104	2.46104	2.46104	2.46104	2.46104	2.46104	2.46104	2.46104	2.46104	2.46104	2.46104	2.46104	2.46104	2.46104	2.46104	2.46104	2.46104	2.46104	2.46104	2.46104	2.46104	2.46104	2.46104	2.46104	2.46104	2.46104	2.46104	2.46104	2.46104	2.46104	2.46104	2.46104	2.46104	2.46104	2.46104	2.46104	2.46104	2.46104	2.46104	2.46104	2.46104	2.46104	2.46104	2.46104	2.46104	2.46104	2.46104
0.0613591	2.46104	2.46104	2.46104	2.46104	2.46104	2.46104	2.46104	2.46104	2.46104	2.46104	2.46104	2.46104	2.46104	2.46104	2.46104	2.46104	2.46104	2.46104	2.46104	2.46104	2.46104	2.46104	2.46104	2.46104	2.46104	2.46104	2.46104	2.46104	2.46104	2.46104	2.46104	2.46104	2.46104	2.46104	2.46104	2.46104	2.46104	2.46104	2.46104	2.46104	2.46104	2.46104	2.46104	2.46104	2.46104	2.46104	2.46104	2.46104	2.46104	2.46104	2.46104	2.46104	2.46104
0.0689261	2.46104	2.46104	2.46104	2.46104	2.46104	2.46104	2.46104	2.46104	2.46104	2.46104	2.46104	2.46104	2.46104	2.46104	2.46104	2.46104	2.46104	2.46104	2.46104	2.46104	2.46104	2.46104	2.46104	2.46104	2.46104	2.46104	2.46104	2.46104	2.46104	2.46104	2.46104	2.46104	2.46104	2.46104	2.46104	2.46104	2.46104	2.46104	2.46104	2.46104	2.46104	2.46104	2.46104	2.46104	2.46104	2.46104	2.46104	2.46104	2.46104	2.46104	2.46104	2.46104	2.46104
0.0774264	2.46104	2.46104	2.46104	2.46104	2.46104	2.46104	2.46104	2.46104	2.46104	2.46104	2.46104	2.46104	2.46104	2.46104	2.46104	2.46104	2.46104	2.46104	2.46104	2.46104	2.46104	2.46104	2.46104	2.46104	2.46104	2.46104	2.46104	2.46104	2.46104	2.46104	2.46104	2.46104	2.46104	2.46104	2.46104	2.46104	2.46104	2.46104	2.46104	2.46104	2.46104	2.46104	2.46104	2.46104	2.46104	2.46104	2.46104	2.46104	2.46104	2.46104	2.46104	2.46104	2.46104
0.0869749	2.46104	2.46104	2.46104	2.46104	2.46104	2.46104	2.46104	2.46104	2.46104	2.46104	2.46104	2.46104	2.46104	2.46104	2.46104	2.46104	2.46104	2.46104	2.46104	2.46104	2.46104	2.46104	2.46104	2.46104	2.46104	2.46104	2.46104	2.46104	2.46104	2.46104	2.46104	2.46104	2.46104	2.46104	2.46104	2.46104	2.46104	2.46104	2.46104	2.46104	2.46104	2.46104	2.46104	2.46104	2.46104	2.46104	2.46104	2.46104	2.46104	2.46104	2.46104	2.46104	2.46104
0.0977010	2.46104	2.46104	2.46104	2.46104	2.46104	2.46104	2.46104	2.46104	2.46104	2.46104	2.46104	2.46104	2.46104	2.46104	2.46104	2.46104	2.46104	2.46104	2.46104	2.46104	2.46104	2.46104	2.46104	2.46104	2.46104	2.46104	2.46104	2.46104	2.46104	2.46104	2.46104	2.46104	2.46104	2.46104	2.46104	2.46104	2.46104	2.46104	2.46104	2.46104	2.46104	2.46104	2.46104	2.46104	2.46104	2.46104	2.46104	2.46104	2.46104	2.46104	2.46104	2.46104	2.46104
0.1097499	2.46104	2.46104	2.46104	2.46104	2.46104	2.46104	2.46104	2.46104	2.46104	2.46104	2.46104	2.46104	2.46104	2.46104	2.46104	2.46104	2.46104	2.46104	2.46104	2.46104	2.46104	2.46104	2.46104	2.46104	2.46104	2.46104	2.46104	2.46104	2.46104	2.46104	2.46104	2.46104	2.46104	2.46104	2.46104	2.46104	2.46104	2.46104	2.46104	2.46104	2.46104	2.46104	2.46104	2.46104	2.46104	2.46104	2.46104	2.46104	2.46104	2.46104	2.46104	2.46104	2.46104
0.1232847	2.46104	2.46104	2.46104	2.46104	2.46104	2.46104	2.46104	2.46104	2.46104	2.46104	2.46104	2.46104	2.46104	2.46104	2.46104	2.46104	2.46104	2.46104	2.46104	2.46104	2.46104	2.46104	2.46104	2.46104	2.46104	2.46104	2.46104	2.46104	2.46104	2.46104	2.46104	2.46104	2.46104	2.46104	2.46104	2.46104	2.46104	2.46104	2.46104	2.46104	2.46104	2.46104	2.46104	2.46104	2.46104	2.46104	2.46104	2.46104	2.46104	2.46104	2.46104	2.46104	2.46104
0.1384886	2.46104	2.46104	2.46104	2.46104	2.46104	2.46104	2.46104	2.46104	2.46104	2.46104	2.46104	2.46104	2.46104	2.46104	2.46104	2.46104	2.46104	2.46104	2.46104	2.46104	2.46104	2.46104	2.46104	2.46104	2.46104	2.46104	2.46104	2.46104	2.46104	2.46104	2.46104	2.46104	2.46104	2.46104	2.46104	2.46104	2.46104	2.46104	2.46104	2.46104	2.46104	2.46104	2.46104	2.46104	2.46104	2.46104	2.46104	2.46104	2.46104	2.46104	2.46104	2.46104	2.46104
0.1555676	2.46104	2.46104	2.46104	2.46104	2.46104	2.46104	2.46104	2.46104	2.46104	2.46104	2.46104	2.46104	2.46104	2.46104	2.46104	2.46104	2.46104	2.46104	2.46104	2.46104	2.46104	2.46104	2.46104	2.46104	2.46104	2.46104	2.46104	2.46104	2.46104	2.46104	2.46104	2.46104	2.46104	2.46104	2.46104	2.46104	2.46104	2.46104	2.46104	2.46104	2.46104	2.46104	2.46104	2.46104	2.46104	2.46104	2.46104	2.46104	2.46104	2.46104	2.46104	2.46104	2.46104
0.1747529	2.46104	2.46104	2.46104	2.46104	2.46104	2.46104	2.46104	2.46104	2.46104	2.46104	2.46104	2.46104	2.46104	2.46104	2.46104	2.46104	2.46104	2.46104	2.46104	2.46104	2.46104	2.46104	2.46104	2.46104	2.46104	2.46104	2.46104	2.46104	2.46104	2.46104	2.46104	2.46104	2.46104	2.46104	2.46104	2.46104	2.46104	2.46104	2.46104	2.46104	2.46104	2.46104	2.46104	2.46104	2.46104	2.46104	2.46104	2.46104	2.46104	2.46104	2.46104	2.46104	2.46104
0.1963040	2.46104	2.46104	2.46104	2.46104	2.46104	2.46104	2.46104	2.46104	2.46104	2.46104	2.46104	2.46104	2.46104	2.46104	2.46104	2.46104	2.46104	2.46104	2.46104	2.46104	2.46104	2.46104	2.46104	2.46104	2.46104	2.46104	2.46104	2.46104	2.46104	2.46104	2.46104	2.46104	2.46104	2.46104	2.46104	2.46104	2.46104	2.46104	2.46104	2.46104	2.46104	2.46104	2.46104	2.46104	2.46104	2.46104	2.46104	2.46104	2.46104	2.46104	2.46104	2.46104	2.46104
0.2205130	2.46104	2.46104	2.46104	2.46104	2.46104	2.46104	2.46104	2.46104	2.46104	2.46104	2.46104	2.46104	2.46104	2.46104	2.46104	2.46104	2.46104	2.46104	2.46104	2.46104	2.46104	2.46104	2.46104	2.46104	2.46104	2.46104	2.46104	2.46104	2.46104	2.46104	2.46104	2.46104	2.46104	2.46104	2.46104	2.46104	2.46104	2.46104	2.46104	2.46104	2.46104	2.46104	2.46104	2.46104	2.46104	2.46104	2.46104	2.46104	2.46104	2.46104	2.46104	2.46104	2.46104
0.2477076	2.46104	2.46104	2.46104	2.46104	2.46104	2.46104	2.46104	2.46104	2.46104	2.46104	2.46104	2.46104	2.46104	2.46104	2.46104	2.46104	2.46104	2.46104	2.46104	2.46104	2.46104	2.46104	2.46104	2.46104	2.46104	2.46104	2.46104	2.46104	2.46104	2.46104	2.46104	2.46104	2.46104	2.46104	2.46104	2.46104	2.46104	2.46104	2.46104	2.46104	2.46104	2.46104	2.46104	2.46104	2.46104	2.46104	2.46104	2.46104	2.46104	2.46104	2.46104	2.46104	2.46104
0.2782559	2.46104	2.46104	2.46104	2.46104	2.46104	2.46104	2.46104	2.46104	2.46104	2.46104	2.46104	2.46104	2.46104	2.46104	2.46104	2.46104	2.46104	2.46104	2.46104	2.46104	2.46104	2.46104	2.46104	2.46104	2.46104	2.46104	2.46104	2.46104	2.46104	2.46104	2.46104	2.46104	2.46104	2.46104	2.46104	2.46104	2.46104	2.46104	2.46104	2.46104	2.46104	2.46104	2.46104	2.46104	2.46104	2.46104	2.46104	2.46104	2.46104	2.46104	2.46104	2.46104	2.46104
0.3125716	2.46104	2.46104	2.46104	2.46104	2.46104	2.46104	2.46104	2.46104	2.46104	2.46104	2.46104	2.46104	2.46104	2.46104	2.46104	2.46104	2.46104	2.46104	2.46104	2.46104	2.46104	2.46104	2.46104	2.46104	2.46104	2.46104	2.46104	2.46104	2.46104	2.46104	2.46104	2.46104	2.46104	2.46104	2.46104	2.46104	2.46104	2.46104	2.46104	2.46104	2.46104	2.46104	2.46104	2.46104	2.46104	2.46104	2.46104	2.46104	2.46104	2.46104	2.46104	2.46104	2.46104
0.3511193	2.46104	2.46104	2.46104	2.46104	2.46104	2.46104	2.46104	2.46104	2.46104	2.46104	2.46104	2.46104	2.46104	2.46104	2.46104	2.46104	2.46104	2.46104	2.46104	2.46104	2.46104	2.46104	2.46104	2.46104	2.46104	2.46104	2.46104	2.46104	2.46104	2.46104	2.46104	2.46104	2.46104	2.46104	2.46104	2.46104	2.46104	2.46104	2.46104	2.46104	2.46104	2.46104	2.46104	2.46104	2.46104	2.46104	2.46104	2.46104	2.46104	2.46104	2.46104	2.46104	2.46104
0.3944205	2.46104	2.46104	2.46104	2.46104	2.46104	2.46104	2.46104	2.46104	2.46104	2.46104	2.46104	2.46104	2.46104	2.46104	2.46104	2.46104	2.46104	2.46104	2.46104	2.46104	2.46104	2.46104	2.46104	2.46104	2.46104	2.46104	2.46104	2.46104	2.46104	2.46104	2.46104	2.46104	2.46104	2.46104	2.46104	2.46104	2.46104	2.46104	2.46104	2.46104	2.46104	2.46104	2.46104	2.46104	2.46104	2.46104	2.46104	2.46104	2.46104	2.46104	2.46104	2.46104	2.46104
0.4430621	2.46104	2.46104	2.46104	2.46104	2.46104	2.46104	2.46104	2.46104	2.46104	2.46104	2.46104	2.46104	2.46104	2.46104	2.46104	2.46104	2.46104	2.46104	2.46104	2.46104	2.46104	2.46104	2.46104	2.46104	2.46104	2.46104	2.46104	2.46104	2.46104	2.46104	2.46104	2.46104	2.46104	2.46104	2.46104	2.46104	2.46104	2.46104	2.46104	2.46104	2.46104	2.46104	2.46104	2.46104	2.46104	2.46104	2.46104	2.46104	2.46104	2.46104	2.46104	2.46104	2.46104
0.4977023	2.46104	2.46104	2.46104	2.46104	2.46104	2.46104	2.46104	2.46104	2.46104	2.46104	2.46104	2.46104	2.46104	2.46104	2.46104	2.46104	2.46104	2.46104	2.46104	2.46104	2.46104	2.46104	2.46104	2.46104	2.46104	2.46104	2.46104	2.46104	2.46104	2.46104	2.46104	2.46104	2.46104	2.46104	2.46104	2.46104	2.46104	2.46104	2.46104	2.46104	2.46104	2.46104	2.46104	2.46104	2.46104	2.46104	2.46104	2.46104	2.46104	2.46104	2.46104	2.46104	2.46104
0.5590811	2.46104	2.46104	2.46104	2.46104	2.46104	2.46104	2.46104	2.46104	2.46104	2.46104	2.46104	2.46104	2.46104	2.46104	2.46104	2.46104	2.46104	2.46104	2.46104	2.46104	2.46104	2.46104	2.46104	2.46104	2.46104	2.46104	2.46104	2.46104	2.46104	2.46104	2.46104	2.46104	2.46104	2.46104	2.46104	2.46104	2.46104	2.46104	2.46104	2.46104	2.46104	2.46104	2.46104	2.46104	2.46104	2.46104	2.46104	2.46104	2.46104	2.46104	2.46104	2.46104	2.46104
0.6280293	2.46104	2.46104	2.46104	2.46104	2.46104	2.46104	2.46104	2.46104	2.46104	2.46104	2.46104	2.46104	2.46104	2.46104	2.46104	2.46104	2.46104	2.46104	2.46104	2.46104	2.46104	2.46104	2.46104	2.46104	2.46104	2.46104	2.46104	2.46104	2.46104	2.46104	2.46104	2.46104	2.46104	2.46104	2.46104	2.46104	2.46104	2.46104	2.46104	2.46104	2.46104	2.46104	2.46104	2.46104	2.46104	2.46104	2.46104	2.46104	2.46104	2.46104	2.46104	2.46104	2.46104
0.7054805	2.46104	2.46104	2.46104	2.46104	2.46104	2.46104	2.46104	2.46104	2.46104	2.46104	2.46104	2.46104	2.46104	2.46104	2.46104	2.46104	2.46104	2.46104	2.46104	2.46104	2.46104	2.46104	2.46104	2.46104	2.46104	2.46104	2.46104	2.46104	2.46104	2.46104	2.46104	2.46104	2.46104	2.46104	2.46104	2.46104	2.46104	2.46104	2.46104	2.46104	2.46104	2.46104	2.46104	2.46104	2.46104	2.46104	2.46104	2.46104	2.46104	2.46104	2.46104	2.46104	2.46104
0.7924827	2.46104	2.46104	2.46104	2.46104	2.46104	2.46104	2.46104	2.46104	2.46104	2.46104	2.46104	2.46104	2.46104	2.46104	2.46104	2.46104	2.46104	2.46104	2.46104	2.46104	2.46104	2.46104	2.46104	2.46104	2.46104	2.46104	2.46104	2.46104	2.46104	2.46104	2.46104	2.46104	2.46104	2.46104	2.46104	2.46104	2.46104	2.46104	2.46104	2.46104	2.46104	2.46104	2.46104	2.46104	2.46104	2.46104	2.46104	2.46104	2.46104	2.46104	2.46104	2.46104	2.46104
0.8902149	2.46104	2.46104	2.46104	2.46104	2.46104	2.46104	2.46104	2.46104	2.46104	2.46104	2.46104	2.46104	2.46104	2.46104	2.46104	2.46104	2.46104	2.46104	2.46104	2.46104	2.46104	2.46104	2.46104	2.46104	2.46104	2.46104	2.46104	2.46104	2.46104	2.46104	2.46104	2.46104	2.46104	2.46104	2.46104	2.46104	2.46104	2.46104	2.46104	2.46104	2.46104	2.46104	2.46104	2.46104	2.46104	2.46104	2.46104	2.46104	2.46104	2.46104	2.46104	2.46104	2.46104
