eta	mean	conf_05	conf_95	trace_00	trace_01	trace_02	trace_03	trace_04	trace_05	trace_06	trace_07	trace_08	trace_09	trace_10	trace_11	trace_12	trace_13	trace_14	trace_15	trace_16	trace_17	trace_18	trace_19	trace_20	trace_21	trace_22	trace_23	trace_24	trace_25	trace_26	trace_27	trace_28	trace_29	trace_30	trace_31	trace_32	trace_33	trace_34	trace_35	trace_36	trace_37	trace_38	trace_39	trace_40	trace_41	trace_42	trace_43	trace_44	trace_45	trace_46	trace_47	trace_48	trace_49
0.0000100	3.01881	2.89789	3.12348	3.06245	2.97950	3.04595	3.02587	2.96967	3.04210	2.93845	3.00566	3.16245	3.08662	2.97923	2.90148	2.97598	3.12192	3.01205	2.96179	2.94677	2.95704	3.07106	3.37056	2.99180	3.02204	2.93904	3.51343	2.99552	3.05325	2.89839	3.00140	3.13754	2.80839	2.83205	3.07432	3.07645	3.02617	3.06080	3.08258	3.29118	2.97929	2.93618	2.92631	3.11367	2.89335	2.83174	2.95306	2.92568	3.03702	2.94523	2.82059	3.04743	3.10986
0.0000112	3.01924	2.88059	3.12558	3.06616	2.99021	3.04236	3.02500	2.96336	3.05400	2.95809	2.99059	3.16239	3.08649	2.99904	2.85500	2.95740	3.12883	2.99301	2.95371	2.96802	2.97175	3.07148	3.37172	2.99005	3.03854	2.95808	3.51617	2.98293	3.05430	2.88343	2.99742	3.11496	2.80911	2.84905	3.05670	3.06578	3.02559	3.06939	3.08273	3.29218	2.98102	2.95550	2.94742	3.12522	2.91492	2.81772	2.96951	2.90241	3.03660	2.92664	2.82766	3.05716	3.10505
0.0000126	3.02141	2.90179	3.12608	3.05965	2.98396	3.03379	3.04340	2.97803	3.05459	2.95860	3.00692	3.16228	3.08596	2.99971	2.90436	2.95905	3.12631	2.99455	2.95729	2.96795	2.97214	3.07237	3.37296	2.99142	3.02260	2.95897	3.51954	2.99788	3.06049	2.88568	3.00003	3.11331	2.82052	2.85123	3.05780	3.06734	3.04218	3.06200	3.06519	3.29329	2.98293	2.95577	2.94738	3.12606	2.91576	2.82006	2.95425	2.90358	3.03063	2.92834	2.81270	3.08365	3.10618
0.0000142	3.02223	2.90288	3.12635	3.04819	2.98590	3.03705	3.04412	2.98032	3.04391	2.94123	3.00740	3.16215	3.08628	2.98294	2.92191	2.97847	3.12485	3.01440	2.95701	2.94818	2.95866	3.07313	3.37431	3.01063	3.02349	2.94300	3.52420	2.98613	3.05551	2.90348	2.98300	3.13987	2.82403	2.83860	3.07479	3.07870	3.04291	3.06253	3.06510	3.29449	2.98503	2.93833	2.92753	3.12425	2.89751	2.83744	2.95535	2.92712	3.03434	2.94851	2.81702	3.08497	3.11339
0.0000159	3.02332	2.90610	3.12848	3.06391	3.00039	3.02419	3.04604	2.97016	3.04423	2.94110	3.01068	3.16194	3.06230	2.98331	2.90786	2.98113	3.12684	3.01691	2.95736	2.94762	2.95846	3.07402	3.37572	3.01249	3.02308	2.94349	3.52761	2.98693	3.06114	2.90702	3.00356	3.14321	2.82768	2.84024	3.07656	3.08103	3.02791	3.07249	3.06393	3.29580	2.98728	2.93805	2.92688	3.12314	2.89775	2.84096	2.95584	2.92998	3.02652	2.95171	2.83700	3.08647	3.11620
0.0000179	3.02583	2.90822	3.12593	3.06995	2.98629	3.03910	3.04677	2.98628	3.04515	2.96500	3.00993	3.16193	3.08826	2.98509	2.93370	2.95995	3.12270	3.01768	2.96058	2.94816	2.95984	3.07586	3.37742	3.01300	3.02356	2.94567	3.53413	2.98930	3.05892	2.90911	3.00151	3.14321	2.83254	2.84399	3.07636	3.08215	3.04597	3.06447	3.06237	3.29743	2.99009	2.93959	2.92753	3.12402	2.90016	2.84404	2.95661	2.93044	3.03733	2.95284	2.82100	3.08887	3.11556
0.0000201	3.02749	2.90291	3.12533	3.06815	2.99758	3.05649	3.02776	2.97342	3.06031	2.96738	2.99231	3.16184	3.06405	3.00949	2.93318	2.96145	3.12559	2.99607	2.96308	2.97455	2.97841	3.07661	3.37920	3.01374	3.04363	2.96927	3.53929	2.99188	3.06113	2.89263	3.00385	3.11671	2.82608	2.86527	3.05636	3.07171	3.02955	3.07560	3.08418	3.29918	2.99311	2.96346	2.95362	3.12531	2.92704	2.82883	2.97708	2.90405	3.03839	2.93205	2.84767	3.06596	3.11095
0.0000226	3.03005	2.90662	3.12462	3.07067	2.99396	3.06051	3.03142	2.99235	3.06358	2.97079	2.99632	3.16173	3.06759	3.01314	2.94382	2.98671	3.11971	2.99996	2.96202	2.97733	2.98163	3.07827	3.38112	2.99519	3.04652	2.97297	3.54492	2.99628	3.06525	2.89767	2.95551	3.12372	2.83231	2.87050	3.05992	3.07612	3.03382	3.07959	3.08686	3.30114	2.99646	2.96656	2.95657	3.13273	2.93090	2.83398	2.98025	2.90762	3.03931	2.93621	2.84472	3.07132	3.11493
0.0000254	3.03197	2.90734	3.11474	3.05449	2.99807	3.04216	3.05097	2.98307	3.06488	2.95153	3.01725	3.16180	3.09222	2.99504	2.94758	2.98764	3.10741	3.00133	2.97967	2.97837	2.98307	3.08015	3.38332	2.99705	3.03094	2.97561	3.55278	2.99825	3.07175	2.90038	2.99259	3.11927	2.84782	2.87411	3.06076	3.07810	3.05133	3.08079	3.08583	3.30346	3.00041	2.96844	2.95790	3.11424	2.93371	2.83687	2.98239	2.90811	3.03997	2.93814	2.83609	3.08768	3.11357
0.0000285	3.03514	2.90836	3.12084	3.05724	2.99624	3.06136	3.03320	2.99783	3.06691	2.97603	3.00037	3.16184	3.06851	3.01889	2.95701	2.99007	3.11793	3.00215	2.96978	2.98102	2.98504	3.08212	3.38566	2.99682	3.04952	2.97952	3.55984	3.00173	3.07012	2.90330	3.00432	3.11991	2.84273	2.87925	3.06010	3.07974	3.05397	3.08278	3.08726	3.30601	3.00473	2.97136	2.95991	3.12924	2.93782	2.84093	2.98434	2.90892	3.04034	2.93986	2.85802	3.07637	3.11913
0.0000320	3.03852	2.92655	3.12638	3.07630	3.01428	3.04694	3.03812	3.00205	3.07116	2.98069	3.00641	3.16206	3.07387	3.00297	2.96420	2.97327	3.11545	3.02785	2.98085	2.98424	2.97238	3.08447	3.38830	3.02123	3.03648	2.98452	3.57050	3.02123	3.06638	2.92809	2.99866	3.12601	2.86166	2.88549	3.06456	3.08552	3.04200	3.07854	3.07069	3.30899	3.00972	2.97575	2.96370	3.11955	2.94300	2.84683	2.97111	2.91276	3.02497	2.94509	2.86912	3.09825	3.12970
0.0000359	3.04194	2.93169	3.13521	3.07594	2.99483	3.04928	3.05846	2.99588	3.06109	2.96288	3.02567	3.16230	3.09742	3.00846	2.97343	2.99635	3.12394	3.03027	2.98079	2.96346	2.97549	3.08662	3.39114	3.00264	3.03913	2.96900	3.57995	3.02596	3.07108	2.93259	3.00174	3.15760	2.86885	2.87420	3.08374	3.09988	3.06065	3.08213	3.07075	3.31230	3.01519	2.95855	2.94152	3.11645	2.92360	2.87146	2.97240	2.94161	3.04086	2.97005	2.86469	3.10192	3.13273
0.0000404	3.04646	2.93611	3.13807	3.07756	3.01996	3.06524	3.04340	3.01201	3.06590	2.98737	3.01272	3.16278	3.07902	3.03184	2.98365	2.98037	3.11313	3.03114	2.99700	2.96866	2.98101	3.08935	3.39437	3.02254	3.05616	2.97603	3.59209	3.03151	3.06431	2.93668	3.02105	3.15825	2.86887	2.88357	3.08312	3.10286	3.04865	3.08709	3.07310	3.31615	3.02149	2.96509	2.94810	3.11711	2.93102	2.87756	2.97947	2.94253	3.04341	2.97231	2.89104	3.07957	3.13583
0.0000453	3.05007	2.92676	3.13656	3.08191	3.02269	3.05372	3.06266	3.00692	3.08040	2.97450	3.03202	3.16346	3.10036	3.02087	2.99459	3.00194	3.09397	3.01654	2.99818	2.99193	2.99911	3.09255	3.39797	3.00871	3.04626	2.99925	3.60527	3.02514	3.06232	2.92711	2.99243	3.13655	2.88610	2.90783	3.06975	3.09883	3.06644	3.09878	3.09184	3.32055	3.02853	2.98771	2.97200	3.10989	2.95742	2.86996	2.99787	2.92358	3.04444	2.95884	2.88466	3.10234	3.13669
0.0000509	3.05568	2.93373	3.14363	3.08002	3.03405	3.05635	3.06512	3.01475	3.08373	2.98094	3.03465	3.16438	3.10200	3.02818	3.00652	3.00487	3.09460	3.02041	3.00153	2.99466	3.00251	3.09601	3.40202	3.01129	3.05034	3.00463	3.61984	3.03295	3.06198	2.93431	3.00019	3.14259	2.89602	2.91602	3.07167	3.10385	3.06989	3.10339	3.09273	3.32558	3.03641	2.99227	2.97481	3.14707	2.96249	2.87980	3.00098	2.92855	3.04595	2.96438	2.89896	3.10448	3.14325
0.0000572	3.06138	2.94045	3.15134	3.08585	3.04179	3.05749	3.06896	3.02202	3.08816	2.98681	3.03924	3.16565	3.10452	3.03534	3.01960	3.00947	3.09669	3.02409	3.00524	2.99907	3.00745	3.09988	3.40666	3.01416	3.05426	3.01181	3.63647	3.04026	3.06196	2.94131	3.00613	3.14564	2.90655	2.92600	3.07372	3.10957	3.07465	3.10878	3.09488	3.33136	3.04524	2.99894	2.97970	3.15672	2.96955	2.88948	3.00589	2.93271	3.04717	2.96991	2.91239	3.10904	3.15074
0.0000643	3.06753	2.94787	3.15958	3.08725	3.05063	3.05699	3.07283	3.02918	3.09265	2.99341	3.04389	3.16732	3.09130	3.04334	3.03357	3.01427	3.09445	3.02854	3.01131	3.00369	3.01268	3.10438	3.41204	3.01829	3.05889	3.01944	3.65482	3.04757	3.06783	2.94903	3.02352	3.14794	2.91708	2.93643	3.07654	3.11606	3.07941	3.11414	3.09676	3.33803	3.05508	3.00623	2.98517	3.18187	2.97704	2.90019	3.01160	2.93742	3.04318	2.97611	2.92472	3.11383	3.15872
0.0000722	3.07526	2.96621	3.16999	3.09214	3.05347	3.07919	3.06315	3.04768	3.08892	3.01703	3.03548	3.16950	3.11325	3.06735	3.04898	3.00374	3.10218	3.05038	3.01722	2.99079	3.00645	3.10924	3.41835	3.03818	3.07654	3.01296	3.67482	3.06650	3.08877	2.97230	3.03566	3.17213	2.92057	2.93534	3.09368	3.13021	3.07361	3.11563	3.08361	3.34572	3.06604	3.00021	2.97301	3.19673	2.96647	2.92617	3.00370	2.96386	3.04302	2.99984	2.94419	3.09911	3.16975
0.0000811	3.08333	2.97956	3.17308	3.09391	3.06163	3.08653	3.06890	3.05695	3.10339	3.02507	3.04065	3.17230	3.12062	3.07727	3.06576	3.01018	3.10944	3.03894	3.02347	3.01507	3.01360	3.11441	3.42589	3.04293	3.08257	3.03706	3.69640	3.07615	3.09784	2.98156	3.03785	3.15716	2.93238	2.96151	3.08230	3.13136	3.08089	3.12414	3.08698	3.35465	3.07818	3.02435	2.99736	3.21692	2.99381	2.92883	3.01036	2.95111	3.04359	2.99177	2.95793	3.10448	3.18012
0.0000911	3.09236	2.97856	3.17736	3.09742	3.07332	3.09465	3.07633	3.06150	3.11018	3.03447	3.04822	3.17582	3.13064	3.08877	3.08393	3.01816	3.10812	3.04648	3.02954	3.02223	3.02171	3.12086	3.43496	3.04829	3.08993	3.04726	3.71888	3.08719	3.10374	2.97888	3.02749	3.15910	2.95180	2.97566	3.08810	3.14108	3.08980	3.13441	3.09240	3.36500	3.09151	3.03573	3.00566	3.22907	3.00377	2.94634	3.01862	2.95958	3.05636	3.00162	2.96476	3.13730	3.19120
0.0001024	3.10217	2.99060	3.18763	3.09688	3.09087	3.08458	3.09503	3.07358	3.10994	3.03110	3.06653	3.18032	3.12899	3.08845	3.10427	3.04017	3.11914	3.06799	3.03759	3.01305	3.04086	3.12797	3.44614	3.03950	3.08621	3.04524	3.74128	3.09244	3.11291	2.99103	3.04077	3.18567	2.96744	2.98095	3.10488	3.15552	3.10739	3.14772	3.10931	3.37718	3.10623	3.03704	2.99764	3.24237	2.99643	2.97655	3.03834	2.98669	3.04829	3.02587	2.97370	3.14536	3.20529
0.0001150	3.11363	3.00915	3.19525	3.11999	3.10448	3.09416	3.10309	3.09468	3.11951	3.04470	3.07553	3.18580	3.14895	3.10444	3.12663	3.04955	3.12326	3.07599	3.01207	3.02439	3.05104	3.13601	3.45984	3.04815	3.09715	3.05857	3.76176	3.10692	3.12714	3.01716	3.04247	3.19246	2.97453	2.99878	3.11024	3.16690	3.11781	3.15947	3.11463	3.39137	3.12219	3.05303	3.01097	3.25743	3.01019	2.99987	3.04882	2.99764	3.05914	3.03796	2.98083	3.14333	3.22032
0.0001292	3.12585	3.02659	3.19700	3.10648	3.11729	3.09546	3.10241	3.11052	3.13431	3.06915	3.08276	3.19267	3.16835	3.12922	3.15215	3.05880	3.13012	3.07240	3.02987	3.04658	3.05386	3.14503	3.47683	3.06594	3.11577	3.08281	3.77717	3.12738	3.13586	3.02104	3.05663	3.18415	2.99513	3.02720	3.10628	3.17555	3.12247	3.17095	3.10950	3.40814	3.13952	3.07934	3.03587	3.27491	3.03717	3.01986	3.05063	2.99510	3.06736	3.04043	3.00694	3.15337	3.23595
0.0001451	3.13969	3.04684	3.20908	3.14111	3.13370	3.11450	3.10977	3.12065	3.14232	3.08188	3.07962	3.20421	3.19968	3.14386	3.18125	3.06734	3.13329	3.07877	3.06058	3.05447	3.06451	3.15524	3.49784	3.07025	3.12398	3.09507	3.78365	3.14243	3.14126	3.03512	3.04666	3.19146	3.01826	3.04686	3.10879	3.18673	3.13289	3.18297	3.11199	3.42797	3.15813	3.09635	3.04609	3.29502	3.04770	3.04944	3.05853	3.00749	3.09464	3.05369	3.04687	3.16687	3.25285
0.0001630	3.15496	3.06064	3.23568	3.15018	3.15625	3.12556	3.12113	3.14041	3.15216	3.09695	3.08949	3.21221	3.23130	3.16154	3.21509	3.07694	3.14001	3.08912	3.09303	3.06517	3.07851	3.16671	3.52374	3.07772	3.13516	3.10857	3.77662	3.16003	3.15195	3.05252	3.06076	3.20015	3.03050	3.06904	3.12366	3.20099	3.14732	3.19893	3.11895	3.45153	3.17796	3.11568	3.05912	3.31822	3.05965	3.08575	3.07054	3.02376	3.10318	3.07193	3.06580	3.17153	3.27513
0.0001831	3.17177	3.07542	3.27716	3.15692	3.17908	3.12675	3.13790	3.16283	3.16163	3.10882	3.10669	3.21609	3.27398	3.17898	3.25436	3.08290	3.14873	3.10770	3.14237	3.07115	3.09732	3.17968	3.55549	3.08107	3.14518	3.11654	3.75320	3.17888	3.15923	3.07589	3.07719	3.21716	3.04370	3.09029	3.12455	3.21428	3.16472	3.21401	3.13317	3.47971	3.19896	3.13289	3.06901	3.34503	3.06339	3.12710	3.09028	3.04957	3.10874	3.09813	3.08952	3.19202	3.30574
0.0002057	3.19096	3.09387	3.32205	3.15427	3.20790	3.14486	3.14771	3.18356	3.17571	3.13331	3.11406	3.23780	3.32158	3.20506	3.30019	3.10467	3.15867	3.11393	3.18753	3.09423	3.11241	3.19420	3.59397	3.09845	3.16341	3.13746	3.71463	3.19863	3.17531	3.09062	3.08394	3.21916	3.06836	3.12024	3.14055	3.23147	3.18119	3.23573	3.13780	3.51357	3.22103	3.15601	3.09643	3.37594	3.08753	3.17174	3.10383	3.06167	3.10856	3.11926	3.10673	3.21690	3.32627
0.0002310	3.21201	3.11041	3.35290	3.16077	3.23217	3.16345	3.16474	3.20998	3.19238	3.15483	3.13014	3.25178	3.34927	3.23009	3.35174	3.11984	3.17448	3.13214	3.22075	3.11015	3.13402	3.21089	3.64004	3.10812	3.18223	3.15128	3.66661	3.22514	3.19004	3.11629	3.11242	3.24042	3.09135	3.15193	3.14833	3.24596	3.20040	3.25198	3.14964	3.55468	3.24434	3.17976	3.12022	3.41182	3.10293	3.21647	3.12605	3.08992	3.11044	3.14996	3.12690	3.23769	3.36333
0.0002595	3.23568	3.12649	3.40175	3.21864	3.26544	3.17741	3.17930	3.23979	3.20602	3.17940	3.14360	3.27321	3.42236	3.26003	3.39946	3.13932	3.18693	3.14240	3.26049	3.13419	3.15669	3.23028	3.69358	3.12415	3.20094	3.16978	3.61693	3.24463	3.21168	3.13645	3.12675	3.24904	3.10467	3.18299	3.16381	3.26649	3.22214	3.27674	3.16276	3.60489	3.26901	3.20250	3.15161	3.45337	3.11348	3.26660	3.15145	3.11111	3.11771	3.18410	3.14143	3.26518	3.38322
0.0002915	3.26221	3.15721	3.45450	3.25129	3.28831	3.20616	3.19924	3.26611	3.22664	3.20712	3.16275	3.28742	3.45876	3.28590	3.45403	3.16007	3.20432	3.15894	3.30621	3.16177	3.18211	3.25238	3.75163	3.14059	3.22382	3.18571	3.55666	3.27385	3.22753	3.16001	3.14161	3.26770	3.13035	3.22135	3.17082	3.27839	3.24049	3.29231	3.17725	3.66615	3.29549	3.23085	3.19043	3.50154	3.13297	3.30556	3.18590	3.14032	3.18308	3.22162	3.17192	3.30249	3.42244
0.0003275	3.29242	3.17976	3.48920	3.27943	3.32584	3.24342	3.21545	3.30501	3.24159	3.23174	3.18218	3.31380	3.48910	3.33355	3.49016	3.18500	3.22806	3.17987	3.33530	3.19391	3.22186	3.27518	3.80380	3.16290	3.24411	3.20199	3.52395	3.29211	3.24748	3.18896	3.16679	3.29432	3.15613	3.25552	3.20682	3.29541	3.26909	3.32216	3.19861	3.73812	3.32341	3.26049	3.23166	3.55642	3.15279	3.35361	3.22404	3.17870	3.21072	3.27420	3.23270	3.34384	3.43971
0.0003678	3.32539	3.21510	3.48976	3.31108	3.35424	3.26319	3.24200	3.32885	3.26459	3.26264	3.21863	3.32925	3.51849	3.37495	3.52721	3.22076	3.26142	3.19793	3.37926	3.23230	3.26372	3.30781	3.83069	3.18920	3.27691	3.22463	3.48657	3.31805	3.28037	3.21929	3.20995	3.33663	3.19310	3.29221	3.22975	3.31726	3.28853	3.34537	3.22890	3.81358	3.35351	3.29429	3.28290	3.61766	3.17213	3.38921	3.28136	3.21567	3.24335	3.32572	3.27427	3.41286	3.46729
0.0004132	3.36209	3.24533	3.50640	3.34607	3.37338	3.37656	3.27600	3.37139	3.29918	3.29540	3.25793	3.36001	3.54954	3.41111	3.56995	3.28151	3.27296	3.23418	3.39174	3.28418	3.31485	3.34023	3.81600	3.22977	3.30172	3.24581	3.47046	3.35338	3.29172	3.24884	3.24099	3.39794	3.22089	3.33547	3.28970	3.34959	3.32531	3.36147	3.26189	3.86926	3.38441	3.32697	3.32560	3.68267	3.20425	3.40678	3.32996	3.26719	3.28055	3.37441	3.31044	3.49323	3.50160
0.0004642	3.40154	3.29167	3.57313	3.38435	3.39425	3.45294	3.30316	3.43263	3.31797	3.33532	3.29227	3.38209	3.58218	3.50219	3.57245	3.32928	3.32923	3.25862	3.40709	3.32023	3.36604	3.37509	3.76776	3.27629	3.34502	3.27850	3.46729	3.36823	3.36212	3.29313	3.32857	3.50056	3.28633	3.37236	3.33503	3.36959	3.35409	3.38232	3.29616	3.87123	3.41533	3.37583	3.37760	3.74503	3.25229	3.42439	3.38061	3.32361	3.32296	3.43644	3.34885	3.57930	3.50278
0.0005214	3.44080	3.33043	3.60532	3.42408	3.43535	3.52892	3.35948	3.47087	3.36077	3.35962	3.36932	3.39313	3.61280	3.56235	3.59484	3.37847	3.36577	3.31921	3.46228	3.37715	3.43543	3.40915	3.70973	3.32874	3.39961	3.32166	3.46010	3.39681	3.40010	3.32628	3.38846	3.60449	3.33062	3.39871	3.38357	3.38939	3.36740	3.41840	3.36597	3.81591	3.44375	3.41573	3.40396	3.79325	3.30544	3.45565	3.44068	3.36034	3.36874	3.46715	3.38745	3.64806	3.52462
0.0005857	3.47411	3.38638	3.63673	3.46051	3.45781	3.59256	3.39590	3.50567	3.40731	3.41635	3.41512	3.43841	3.63454	3.61873	3.56197	3.42430	3.40009	3.36119	3.47824	3.42286	3.46939	3.43812	3.65645	3.38725	3.43268	3.35936	3.47397	3.43308	3.43658	3.37862	3.44582	3.66950	3.37358	3.44206	3.42925	3.44279	3.43135	3.42597	3.40938	3.73857	3.46606	3.47397	3.45387	3.81395	3.35410	3.45410	3.47109	3.42986	3.41271	3.49655	3.42235	3.69273	3.49874
0.0006579	3.49319	3.42328	3.64173	3.48613	3.47016	3.63237	3.42487	3.53349	3.43052	3.43606	3.44751	3.44892	3.63972	3.65979	3.55696	3.45884	3.42537	3.39756	3.48727	3.44311	3.49694	3.45624	3.60975	3.42679	3.45547	3.39415	3.46691	3.45163	3.46556	3.40832	3.49224	3.68407	3.40899	3.45676	3.46328	3.45931	3.45110	3.46115	3.44069	3.66648	3.47809	3.50065	3.46576	3.80081	3.39695	3.47771	3.48430	3.45501	3.44634	3.50074	3.44787	3.70286	3.50819
0.0007391	3.48920	3.43131	3.62495	3.49157	3.45644	3.64103	3.43708	3.54839	3.43574	3.43825	3.45899	3.44326	3.62317	3.67089	3.50008	3.47284	3.43188	3.41749	3.48264	3.44195	3.47021	3.45647	3.56381	3.43762	3.46180	3.41627	3.44937	3.44479	3.47764	3.41936	3.51900	3.65959	3.42621	3.44807	3.47638	3.46060	3.45517	3.45159	3.45153	3.60278	3.47416	3.47935	3.46038	3.75959	3.42016	3.45790	3.48026	3.45491	3.45873	3.46828	3.45606	3.67929	3.47094
0.0008302	3.46802	3.42000	3.59088	3.47675	3.42541	3.62198	3.43003	3.54883	3.42204	3.42300	3.45044	3.42187	3.58844	3.64955	3.44054	3.46663	3.41832	3.41677	3.46352	3.42287	3.43612	3.43956	3.51564	3.42155	3.45118	3.42016	3.42102	3.41947	3.47111	3.40964	3.52645	3.61288	3.42228	3.42006	3.46942	3.44595	3.44311	3.42516	3.44258	3.54400	3.45464	3.43513	3.43924	3.70185	3.41934	3.42407	3.46136	3.43450	3.44885	3.42908	3.44647	3.63294	3.42932
0.0009326	3.43114	3.37959	3.54015	3.44357	3.37887	3.57935	3.40319	3.53026	3.39012	3.39105	3.42329	3.38543	3.53884	3.60127	3.37915	3.44220	3.38583	3.39435	3.42969	3.38769	3.39653	3.40680	3.46196	3.38518	3.42362	3.40279	3.38137	3.37772	3.44615	3.37964	3.51451	3.55194	3.39732	3.37616	3.44483	3.41525	3.41505	3.38356	3.41573	3.48475	3.41969	3.38110	3.40276	3.63358	3.39590	3.37772	3.42815	3.39733	3.41844	3.38342	3.41976	3.57141	3.38255
0.0010476	3.38043	3.32259	3.48212	3.39493	3.31955	3.51809	3.35845	3.48745	3.34223	3.34430	3.37950	3.33557	3.47749	3.53540	3.31520	3.40214	3.33745	3.35274	3.38258	3.33833	3.34966	3.36027	3.40114	3.33406	3.38026	3.36591	3.33088	3.32268	3.40469	3.33242	3.48153	3.48109	3.35425	3.31970	3.40520	3.36962	3.37221	3.32898	3.37331	3.42136	3.37016	3.32175	3.35203	3.55752	3.35425	3.32062	3.38137	3.34586	3.37064	3.33049	3.37778	3.49935	3.32924
0.0011768	3.31813	3.25773	3.41940	3.33382	3.25078	3.44302	3.29905	3.41996	3.28136	3.28529	3.32141	3.27462	3.40688	3.45892	3.24783	3.34882	3.27657	3.29612	3.32454	3.27718	3.29485	3.30230	3.33308	3.27183	3.32304	3.31380	3.27089	3.25774	3.34935	3.27209	3.42592	3.40325	3.29691	3.25378	3.35271	3.31107	3.31654	3.26393	3.31764	3.35196	3.30757	3.25763	3.28920	3.47488	3.29862	3.25483	3.32257	3.28232	3.30867	3.27002	3.32300	3.41934	3.26893
0.0013219	3.24678	3.18857	3.33331	3.26298	3.17603	3.35822	3.22876	3.33439	3.21076	3.21697	3.25174	3.20543	3.32904	3.37537	3.17691	3.28450	3.20637	3.22880	3.25806	3.20724	3.23256	3.23536	3.25864	3.20157	3.25443	3.25053	3.20346	3.18607	3.28293	3.20259	3.34976	3.32055	3.22900	3.18140	3.28935	3.24214	3.25046	3.19116	3.25116	3.27626	3.23422	3.18885	3.21731	3.38651	3.23245	3.18268	3.25416	3.20954	3.23566	3.20274	3.25811	3.33319	3.20246
0.0014850	3.16928	3.11348	3.24314	3.18528	3.09857	3.26707	3.15145	3.23951	3.13393	3.14257	3.17373	3.13111	3.24589	3.28668	3.10338	3.21165	3.13003	3.15466	3.18556	3.13197	3.16429	3.16218	3.17940	3.12667	3.17748	3.17938	3.13113	3.11062	3.20830	3.12746	3.25923	3.23451	3.15399	3.10560	3.21730	3.16588	3.17678	3.11380	3.17669	3.19536	3.15321	3.11643	3.13991	3.29359	3.15888	3.10685	3.17917	3.13114	3.15500	3.13046	3.18590	3.24284	3.13170
0.0016681	3.08883	3.03518	3.15162	3.10384	3.02141	3.17269	3.07097	3.14209	3.05463	3.06553	3.09117	3.05485	3.15966	3.19462	3.02914	3.13315	3.05103	3.07723	3.10962	3.05490	3.09229	3.08577	3.09762	3.05054	3.09581	3.10340	3.05673	3.03425	3.12858	3.05009	3.16160	3.14669	3.07536	3.02938	3.13920	3.08575	3.09874	3.03528	3.09754	3.11153	3.06850	3.04239	3.06061	3.19794	3.08124	3.03029	3.10089	3.05118	3.07064	3.05580	3.10931	3.15073	3.05913
0.0018738	3.00857	2.95960	3.05996	3.02199	2.94709	3.07823	2.99092	3.04673	2.97653	2.98915	3.00812	2.97958	3.07279	3.10144	2.95649	3.05207	2.97294	2.99971	3.03294	2.97917	3.01919	3.00916	3.01604	2.97602	3.01331	3.02567	2.98298	2.95969	3.04691	2.97363	3.06313	3.05900	2.99659	2.95537	3.05804	3.00539	3.01972	2.95885	3.01725	3.02778	2.98442	2.96922	2.98266	3.10191	3.00295	2.95576	3.02233	2.97329	2.98680	2.98163	3.03114	3.05961	2.98720
0.0021049	2.93117	2.88890	2.97386	2.94263	2.87736	2.98663	2.91420	2.95664	2.90249	2.91595	2.92816	2.90758	2.98762	3.00953	2.88741	2.97121	2.89874	2.92462	2.95781	2.90704	2.94724	2.93488	2.93733	2.90503	2.93349	2.94898	2.91204	2.88907	2.96603	2.90062	2.96859	2.97355	2.92070	2.88550	2.97667	2.92795	2.94270	2.88690	2.93897	2.94700	2.90475	2.89918	2.90851	3.00803	2.92702	2.88534	2.94574	2.89996	2.90724	2.91042	2.95373	2.97190	2.91780
0.0023645	2.85827	2.82353	2.89306	2.86771	2.81300	2.90015	2.84259	2.87370	2.83407	2.84732	2.85367	2.84014	2.90581	2.92097	2.82304	2.89259	2.83012	2.85354	2.88548	2.83964	2.87766	2.86434	2.86329	2.83854	2.85862	2.87530	2.84507	2.82358	2.88787	2.83255	2.88118	2.89205	2.84963	2.82073	2.89724	2.85545	2.86953	2.82060	2.86474	2.87114	2.83176	2.83363	2.83956	2.91837	2.85541	2.82006	2.87240	2.83232	2.83429	2.84354	2.87865	2.88917	2.85175
0.0026561	2.79032	2.76354	2.81759	2.79783	2.75389	2.81995	2.77661	2.79839	2.77141	2.78332	2.78541	2.77740	2.82799	2.83706	2.76356	2.81733	2.76734	2.78692	2.81589	2.77701	2.81041	2.79769	2.79448	2.77651	2.78947	2.80540	2.78212	2.76335	2.81340	2.76973	2.80224	2.81544	2.78394	2.76106	2.82097	2.78843	2.80070	2.75994	2.79523	2.80067	2.76597	2.77281	2.77600	2.83418	2.78874	2.75998	2.80257	2.77033	2.76854	2.78114	2.80669	2.81198	2.78879
0.0029836	2.72677	2.70749	2.74619	2.73243	2.69933	2.74598	2.71573	2.72998	2.71356	2.72301	2.72268	2.71854	2.75393	2.75836	2.70822	2.74580	2.70954	2.72432	2.74806	2.71822	2.74452	2.73401	2.73027	2.71809	2.72547	2.73896	2.72235	2.70760	2.74285	2.71150	2.73139	2.74379	2.72288	2.70574	2.74827	2.72611	2.73550	2.70410	2.73003	2.73477	2.70648	2.71589	2.71699	2.75584	2.72636	2.70437	2.73595	2.71303	2.70907	2.72223	2.73810	2.74019	2.72791
0.0033516	2.66644	2.65401	2.67917	2.67027	2.64812	2.67738	2.65872	2.66702	2.65872	2.66492	2.66382	2.66209	2.68320	2.68486	2.65547	2.67793	2.65515	2.66477	2.68114	2.66179	2.67917	2.67210	2.66921	2.66186	2.66525	2.67496	2.66451	2.65477	2.67603	2.65651	2.66712	2.67654	2.66475	2.65332	2.67923	2.66683	2.67272	2.65161	2.66817	2.67194	2.65165	2.66111	2.66093	2.68308	2.66679	2.65192	2.67213	2.65870	2.65409	2.66512	2.67291	2.67337	2.66814
0.0037649	2.60811	2.60175	2.61393	2.61011	2.59835	2.61297	2.60401	2.60800	2.60469	2.60782	2.60680	2.60649	2.61590	2.61637	2.60316	2.61347	2.60225	2.60734	2.61553	2.60639	2.61469	2.61128	2.60974	2.60641	2.60737	2.61256	2.60765	2.60260	2.61256	2.60307	2.60766	2.61283	2.60763	2.60177	2.61385	2.60871	2.61147	2.60044	2.60882	2.61093	2.59947	2.60635	2.60591	2.61542	2.60850	2.60079	2.61093	2.60506	2.60152	2.60821	2.61109	2.61109	2.60941
0.0042292	2.55101	2.54916	2.55247	2.55139	2.54762	2.55191	2.55018	2.55190	2.54980	2.55131	2.55020	2.55087	2.55264	2.55273	2.54942	2.55218	2.54923	2.55148	2.55266	2.55167	2.55246	2.55181	2.55113	2.55096	2.55090	2.55187	2.55162	2.54908	2.55208	2.54974	2.55168	2.55203	2.55055	2.54917	2.55216	2.55084	2.55171	2.54836	2.55173	2.55149	2.54782	2.55037	2.55049	2.55245	2.55077	2.54903	2.55217	2.55021	2.54971	2.55094	2.55238	2.55284	2.55260
0.0047508	2.49522	2.49390	2.49775	2.49446	2.49467	2.49404	2.49634	2.49845	2.49427	2.49585	2.49415	2.49542	2.49381	2.49379	2.49439	2.49413	2.49572	2.49704	2.49379	2.49839	2.49381	2.49448	2.49400	2.49564	2.49575	2.49387	2.49683	2.49418	2.49445	2.49606	2.49853	2.49413	2.49421	2.49506	2.49417	2.49395	2.49420	2.49455	2.49717	2.49424	2.49531	2.49410	2.49476	2.49390	2.49421	2.49565	2.49551	2.49436	2.49836	2.49429	2.49612	2.49768	2.49865
0.0053367	2.44162	2.43965	2.44574	2.44033	2.44119	2.43980	2.44275	2.44796	2.44027	2.44215	2.44022	2.44139	2.43948	2.43942	2.44043	2.43979	2.44282	2.44392	2.43941	2.44738	2.43944	2.44025	2.43982	2.44156	2.44241	2.43961	2.44358	2.44032	2.44014	2.44287	2.44666	2.43979	2.44028	2.44128	2.44000	2.43981	2.43996	2.44087	2.44563	2.44012	2.44244	2.43995	2.44056	2.43966	2.44023	2.44190	2.44119	2.44010	2.44792	2.44010	2.44197	2.44394	2.44805
0.0059948	2.39158	2.38997	2.39418	2.39033	2.39074	2.39001	2.39171	2.40106	2.39023	2.39162	2.39028	2.39089	2.38986	2.38981	2.39031	2.38999	2.39248	2.39295	2.38981	2.39853	2.38981	2.39028	2.39000	2.39095	2.39205	2.38991	2.39278	2.39028	2.39017	2.39218	2.39391	2.38997	2.39037	2.39081	2.39021	2.39000	2.39009	2.39055	2.39797	2.39023	2.39184	2.39005	2.39033	2.39000	2.39032	2.39109	2.39072	2.39007	2.39662	2.39014	2.39122	2.39224	2.40109
0.0067342	2.34694	2.34579	2.34719	2.34593	2.34604	2.34581	2.34639	2.35866	2.34587	2.34649	2.34592	2.34611	2.34577	2.34575	2.34589	2.34580	2.34710	2.34702	2.34575	2.35157	2.34575	2.34591	2.34580	2.34611	2.34680	2.34578	2.34701	2.34590	2.34586	2.34675	2.34677	2.34579	2.34598	2.34608	2.34592	2.34580	2.34584	2.34597	2.35651	2.34590	2.34658	2.34581	2.34589	2.34584	2.34595	2.34614	2.34603	2.34580	2.34799	2.34584	2.34621	2.34645	2.35827
0.0075646	2.30919	2.30843	2.30884	2.30847	2.30849	2.30844	2.30857	2.31822	2.30845	2.30862	2.30847	2.30851	2.30843	2.30843	2.30846	2.30844	2.30889	2.30874	2.30843	2.31038	2.30843	2.30847	2.30844	2.30850	2.30874	2.30844	2.30877	2.30846	2.30845	2.30870	2.30858	2.30843	2.30849	2.30850	2.30848	2.30844	2.30845	2.30847	2.31918	2.30847	2.30865	2.30844	2.30845	2.30846	2.30848	2.30851	2.30849	2.30843	2.30884	2.30845	2.30853	2.30855	2.31987
0.0084975	2.27907	2.27886	2.27893	2.27887	2.27887	2.27886	2.27888	2.28066	2.27886	2.27889	2.27887	2.27887	2.27886	2.27886	2.27886	2.27886	2.27897	2.27891	2.27886	2.27921	2.27886	2.27886	2.27886	2.27887	2.27892	2.27886	2.27892	2.27886	2.27886	2.27891	2.27887	2.27886	2.27887	2.27887	2.27887	2.27886	2.27886	2.27886	2.27974	2.27886	2.27890	2.27886	2.27886	2.27886	2.27887	2.27887	2.27887	2.27886	2.27891	2.27886	2.27887	2.27887	2.28552
0.0095455	2.25734	2.25730	2.25731	2.25730	2.25730	2.25730	2.25730	2.25744	2.25730	2.25730	2.25730	2.25730	2.25730	2.25730	2.25730	2.25730	2.25732	2.25730	2.25730	2.25734	2.25730	2.25730	2.25730	2.25730	2.25731	2.25730	2.25730	2.25730	2.25730	2.25730	2.25730	2.25730	2.25730	2.25730	2.25730	2.25730	2.25730	2.25730	2.25735	2.25730	2.25730	2.25730	2.25730	2.25730	2.25730	2.25730	2.25730	2.25730	2.25730	2.25730	2.25730	2.25730	2.25912
0.0107227	2.24331	2.24330	2.24330	2.24330	2.24330	2.24330	2.24330	2.24331	2.24330	2.24330	2.24330	2.24330	2.24330	2.24330	2.24330	2.24330	2.24330	2.24330	2.24330	2.24331	2.24330	2.24330	2.24330	2.24330	2.24330	2.24330	2.24330	2.24330	2.24330	2.24330	2.24330	2.24330	2.24330	2.24330	2.24330	2.24330	2.24330	2.24330	2.24330	2.24330	2.24330	2.24330	2.24330	2.24330	2.24330	2.24330	2.24330	2.24330	2.24330	2.24330	2.24330	2.24330	2.24358
0.0120450	2.23618	2.23618	2.23618	2.23618	2.23618	2.23618	2.23618	2.23618	2.23618	2.23618	2.23618	2.23618	2.23618	2.23618	2.23618	2.23618	2.23618	2.23618	2.23618	2.23618	2.23618	2.23618	2.23618	2.23618	2.23618	2.23618	2.23618	2.23618	2.23618	2.23618	2.23618	2.23618	2.23618	2.23618	2.23618	2.23618	2.23618	2.23618	2.23618	2.23618	2.23618	2.23618	2.23618	2.23618	2.23618	2.23618	2.23618	2.23618	2.23618	2.23618	2.23618	2.23618	2.23621
0.0135305	2.23537	2.23537	2.23537	2.23537	2.23537	2.23537	2.23537	2.23537	2.23537	2.23537	2.23537	2.23537	2.23537	2.23537	2.23537	2.23537	2.23537	2.23537	2.23537	2.23537	2.23537	2.23537	2.23537	2.23537	2.23537	2.23537	2.23537	2.23537	2.23537	2.23537	2.23537	2.23537	2.23537	2.23537	2.23537	2.23537	2.23537	2.23537	2.23537	2.23537	2.23537	2.23537	2.23537	2.23537	2.23537	2.23537	2.23537	2.23537	2.23537	2.23537	2.23537	2.23537	2.23537
0.0151991	2.24075	2.24075	2.24075	2.24075	2.24075	2.24075	2.24075	2.24075	2.24075	2.24075	2.24075	2.24075	2.24075	2.24075	2.24075	2.24075	2.24075	2.24075	2.24075	2.24075	2.24075	2.24075	2.24075	2.24075	2.24075	2.24075	2.24075	2.24075	2.24075	2.24075	2.24075	2.24075	2.24075	2.24075	2.24075	2.24075	2.24075	2.24075	2.24075	2.24075	2.24075	2.24075	2.24075	2.24075	2.24075	2.24075	2.24075	2.24075	2.24075	2.24075	2.24075	2.24075	2.24075
0.0170735	2.25284	2.25284	2.25284	2.25284	2.25284	2.25284	2.25284	2.25284	2.25284	2.25284	2.25284	2.25284	2.25284	2.25284	2.25284	2.25284	2.25284	2.25284	2.25284	2.25284	2.25284	2.25284	2.25284	2.25284	2.25284	2.25284	2.25284	2.25284	2.25284	2.25284	2.25284	2.25284	2.25284	2.25284	2.25284	2.25284	2.25284	2.25284	2.25284	2.25284	2.25284	2.25284	2.25284	2.25284	2.25284	2.25284	2.25284	2.25284	2.25284	2.25284	2.25284	2.25284	2.25284
0.0191791	2.27320	2.27320	2.27320	2.27320	2.27320	2.27320	2.27320	2.27320	2.27320	2.27320	2.27320	2.27320	2.27320	2.27320	2.27320	2.27320	2.27320	2.27320	2.27320	2.27320	2.27320	2.27320	2.27320	2.27320	2.27320	2.27320	2.27320	2.27320	2.27320	2.27320	2.27320	2.27320	2.27320	2.27320	2.27320	2.27320	2.27320	2.27320	2.27320	2.27320	2.27320	2.27320	2.27320	2.27320	2.27320	2.27320	2.27320	2.27320	2.27320	2.27320	2.27320	2.27320	2.27320
0.0215444	2.30531	2.30531	2.30531	2.30531	2.30531	2.30531	2.30531	2.30531	2.30531	2.30531	2.30531	2.30531	2.30531	2.30531	2.30531	2.30531	2.30531	2.30531	2.30531	2.30531	2.30531	2.30531	2.30531	2.30531	2.30531	2.30531	2.30531	2.30531	2.30531	2.30531	2.30531	2.30531	2.30531	2.30531	2.30531	2.30531	2.30531	2.30531	2.30531	2.30531	2.30531	2.30531	2.30531	2.30531	2.30531	2.30531	2.30531	2.30531	2.30531	2.30531	2.30531	2.30531	2.30531
0.0242013	2.35630	2.35630	2.35630	2.35630	2.35630	2.35630	2.35630	2.35630	2.35630	2.35630	2.35630	2.35630	2.35630	2.35630	2.35630	2.35630	2.35630	2.35630	2.35630	2.35630	2.35630	2.35630	2.35630	2.35630	2.35630	2.35630	2.35630	2.35630	2.35630	2.35630	2.35630	2.35630	2.35630	2.35630	2.35630	2.35630	2.35630	2.35630	2.35630	2.35630	2.35630	2.35630	2.35630	2.35630	2.35630	2.35630	2.35630	2.35630	2.35630	2.35630	2.35630	2.35630	2.35640
0.0271859	2.44125	2.44095	2.44167	2.44113	2.44122	2.44098	2.44131	2.44165	2.44094	2.44142	2.44122	2.44110	2.44102	2.44102	2.44098	2.44096	2.44210	2.44144	2.44120	2.44169	2.44094	2.44114	2.44099	2.44106	2.44166	2.44098	2.44162	2.44105	2.44096	2.44172	2.44099	2.44094	2.44132	2.44104	2.44135	2.44095	2.44096	2.44103	2.44153	2.44111	2.44351	2.44095	2.44095	2.44165	2.44134	2.44108	2.44105	2.44094	2.44120	2.44097	2.44104	2.44103	2.44199
0.0305386	2.46104	2.46104	2.46104	2.46104	2.46104	2.46104	2.46104	2.46104	2.46104	2.46104	2.46104	2.46104	2.46104	2.46104	2.46104	2.46104	2.46104	2.46104	2.46104	2.46104	2.46104	2.46104	2.46104	2.46104	2.46104	2.46104	2.46104	2.46104	2.46104	2.46104	2.46104	2.46104	2.46104	2.46104	2.46104	2.46104	2.46104	2.46104	2.46104	2.46104	2.46104	2.46104	2.46104	2.46104	2.46104	2.46104	2.46104	2.46104	2.46104	2.46104	2.46104	2.46104	2.46104
0.0343047	2.46104	2.46104	2.46104	2.46104	2.46104	2.46104	2.46104	2.46104	2.46104	2.46104	2.46104	2.46104	2.46104	2.46104	2.46104	2.46104	2.46104	2.46104	2.46104	2.46104	2.46104	2.46104	2.46104	2.46104	2.46104	2.46104	2.46104	2.46104	2.46104	2.46104	2.46104	2.46104	2.46104	2.46104	2.46104	2.46104	2.46104	2.46104	2.46104	2.46104	2.46104	2.46104	2.46104	2.46104	2.46104	2.46104	2.46104	2.46104	2.46104	2.46104	2.46104	2.46104	2.46104
0.0385353	2.46104	2.46104	2.46104	2.46104	2.46104	2.46104	2.46104	2.46104	2.46104	2.46104	2.46104	2.46104	2.46104	2.46104	2.46104	2.46104	2.46104	2.46104	2.46104	2.46104	2.46104	2.46104	2.46104	2.46104	2.46104	2.46104	2.46104	2.46104	2.46104	2.46104	2.46104	2.46104	2.46104	2.46104	2.46104	2.46104	2.46104	2.46104	2.46104	2.46104	2.46104	2.46104	2.46104	2.46104	2.46104	2.46104	2.46104	2.46104	2.46104	2.46104	2.46104	2.46104	2.46104
0.0432876	2.46104	2.46104	2.46104	2.46104	2.46104	2.46104	2.46104	2.46104	2.46104	2.46104	2.46104	2.46104	2.46104	2.46104	2.46104	2.46104	2.46104	2.46104	2.46104	2.46104	2.46104	2.46104	2.46104	2.46104	2.46104	2.46104	2.46104	2.46104	2.46104	2.46104	2.46104	2.46104	2.46104	2.46104	2.46104	2.46104	2.46104	2.46104	2.46104	2.46104	2.46104	2.46104	2.46104	2.46104	2.46104	2.46104	2.46104	2.46104	2.46104	2.46104	2.46104	2.46104	2.46104
0.0486260	2.46104	2.46104	2.46104	2.46104	2.46104	2.46104	2.46104	2.46104	2.46104	2.46104	2.46104	2.46104	2.46104	2.46104	2.46104	2.46104	2.46104	2.46104	2.46104	2.46104	2.46104	2.46104	2.46104	2.46104	2.46104	2.46104	2.46104	2.46104	2.46104	2.46104	2.46104	2.46104	2.46104	2.46104	2.46104	2.46104	2.46104	2.46104	2.46104	2.46104	2.46104	2.46104	2.46104	2.46104	2.46104	2.46104	2.46104	2.46104	2.46104	2.46104	2.46104	2.46104	2.46104
0.0546228	2.46104	2.46104	2.46104	2.46104	2.46104	2.46104	2.46104	2.46104	2.46104	2.46104	2.46104	2.46104	2.46104	2.46104	2.46104	2.46104	2.46104	2.46104	2.46104	2.46104	2.46104	2.46104	2.46104	2.46104	2.46104	2.46104	2.46104	2.46104	2.46104	2.46104	2.46104	2.46104	2.46104	2.46104	2.46104	2.46104	2.46104	2.46104	2.46104	2.46104	2.46104	2.46104	2.46104	2.46104	2.46104	2.46104	2.46104	2.46104	2.46104	2.46104	2.46104	2.46104	2.46104
0.0613591	2.46104	2.46104	2.46104	2.46104	2.46104	2.46104	2.46104	2.46104	2.46104	2.46104	2.46104	2.46104	2.46104	2.46104	2.46104	2.46104	2.46104	2.46104	2.46104	2.46104	2.46104	2.46104	2.46104	2.46104	2.46104	2.46104	2.46104	2.46104	2.46104	2.46104	2.46104	2.46104	2.46104	2.46104	2.46104	2.46104	2.46104	2.46104	2.46104	2.46104	2.46104	2.46104	2.46104	2.46104	2.46104	2.46104	2.46104	2.46104	2.46104	2.46104	2.46104	2.46104	2.46104
0.0689261	2.46104	2.46104	2.46104	2.46104	2.46104	2.46104	2.46104	2.46104	2.46104	2.46104	2.46104	2.46104	2.46104	2.46104	2.46104	2.46104	2.46104	2.46104	2.46104	2.46104	2.46104	2.46104	2.46104	2.46104	2.46104	2.46104	2.46104	2.46104	2.46104	2.46104	2.46104	2.46104	2.46104	2.46104	2.46104	2.46104	2.46104	2.46104	2.46104	2.46104	2.46104	2.46104	2.46104	2.46104	2.46104	2.46104	2.46104	2.46104	2.46104	2.46104	2.46104	2.46104	2.46104
0.0774264	2.46104	2.46104	2.46104	2.46104	2.46104	2.46104	2.46104	2.46104	2.46104	2.46104	2.46104	2.46104	2.46104	2.46104	2.46104	2.46104	2.46104	2.46104	2.46104	2.46104	2.46104	2.46104	2.46104	2.46104	2.46104	2.46104	2.46104	2.46104	2.46104	2.46104	2.46104	2.46104	2.46104	2.46104	2.46104	2.46104	2.46104	2.46104	2.46104	2.46104	2.46104	2.46104	2.46104	2.46104	2.46104	2.46104	2.46104	2.46104	2.46104	2.46104	2.46104	2.46104	2.46104
0.0869749	2.46104	2.46104	2.46104	2.46104	2.46104	2.46104	2.46104	2.46104	2.46104	2.46104	2.46104	2.46104	2.46104	2.46104	2.46104	2.46104	2.46104	2.46104	2.46104	2.46104	2.46104	2.46104	2.46104	2.46104	2.46104	2.46104	2.46104	2.46104	2.46104	2.46104	2.46104	2.46104	2.46104	2.46104	2.46104	2.46104	2.46104	2.46104	2.46104	2.46104	2.46104	2.46104	2.46104	2.46104	2.46104	2.46104	2.46104	2.46104	2.46104	2.46104	2.46104	2.46104	2.46104
0.0977010	2.46104	2.46104	2.46104	2.46104	2.46104	2.46104	2.46104	2.46104	2.46104	2.46104	2.46104	2.46104	2.46104	2.46104	2.46104	2.46104	2.46104	2.46104	2.46104	2.46104	2.46104	2.46104	2.46104	2.46104	2.46104	2.46104	2.46104	2.46104	2.46104	2.46104	2.46104	2.46104	2.46104	2.46104	2.46104	2.46104	2.46104	2.46104	2.46104	2.46104	2.46104	2.46104	2.46104	2.46104	2.46104	2.46104	2.46104	2.46104	2.46104	2.46104	2.46104	2.46104	2.46104
0.1097499	2.46104	2.46104	2.46104	2.46104	2.46104	2.46104	2.46104	2.46104	2.46104	2.46104	2.46104	2.46104	2.46104	2.46104	2.46104	2.46104	2.46104	2.46104	2.46104	2.46104	2.46104	2.46104	2.46104	2.46104	2.46104	2.46104	2.46104	2.46104	2.46104	2.46104	2.46104	2.46104	2.46104	2.46104	2.46104	2.46104	2.46104	2.46104	2.46104	2.46104	2.46104	2.46104	2.46104	2.46104	2.46104	2.46104	2.46104	2.46104	2.46104	2.46104	2.46104	2.46104	2.46104
0.1232847	2.46104	2.46104	2.46104	2.46104	2.46104	2.46104	2.46104	2.46104	2.46104	2.46104	2.46104	2.46104	2.46104	2.46104	2.46104	2.46104	2.46104	2.46104	2.46104	2.46104	2.46104	2.46104	2.46104	2.46104	2.46104	2.46104	2.46104	2.46104	2.46104	2.46104	2.46104	2.46104	2.46104	2.46104	2.46104	2.46104	2.46104	2.46104	2.46104	2.46104	2.46104	2.46104	2.46104	2.46104	2.46104	2.46104	2.46104	2.46104	2.46104	2.46104	2.46104	2.46104	2.46104
0.1384886	2.46104	2.46104	2.46104	2.46104	2.46104	2.46104	2.46104	2.46104	2.46104	2.46104	2.46104	2.46104	2.46104	2.46104	2.46104	2.46104	2.46104	2.46104	2.46104	2.46104	2.46104	2.46104	2.46104	2.46104	2.46104	2.46104	2.46104	2.46104	2.46104	2.46104	2.46104	2.46104	2.46104	2.46104	2.46104	2.46104	2.46104	2.46104	2.46104	2.46104	2.46104	2.46104	2.46104	2.46104	2.46104	2.46104	2.46104	2.46104	2.46104	2.46104	2.46104	2.46104	2.46104
0.1555676	2.46104	2.46104	2.46104	2.46104	2.46104	2.46104	2.46104	2.46104	2.46104	2.46104	2.46104	2.46104	2.46104	2.46104	2.46104	2.46104	2.46104	2.46104	2.46104	2.46104	2.46104	2.46104	2.46104	2.46104	2.46104	2.46104	2.46104	2.46104	2.46104	2.46104	2.46104	2.46104	2.46104	2.46104	2.46104	2.46104	2.46104	2.46104	2.46104	2.46104	2.46104	2.46104	2.46104	2.46104	2.46104	2.46104	2.46104	2.46104	2.46104	2.46104	2.46104	2.46104	2.46104
0.1747529	2.46104	2.46104	2.46104	2.46104	2.46104	2.46104	2.46104	2.46104	2.46104	2.46104	2.46104	2.46104	2.46104	2.46104	2.46104	2.46104	2.46104	2.46104	2.46104	2.46104	2.46104	2.46104	2.46104	2.46104	2.46104	2.46104	2.46104	2.46104	2.46104	2.46104	2.46104	2.46104	2.46104	2.46104	2.46104	2.46104	2.46104	2.46104	2.46104	2.46104	2.46104	2.46104	2.46104	2.46104	2.46104	2.46104	2.46104	2.46104	2.46104	2.46104	2.46104	2.46104	2.46104
0.1963040	2.46104	2.46104	2.46104	2.46104	2.46104	2.46104	2.46104	2.46104	2.46104	2.46104	2.46104	2.46104	2.46104	2.46104	2.46104	2.46104	2.46104	2.46104	2.46104	2.46104	2.46104	2.46104	2.46104	2.46104	2.46104	2.46104	2.46104	2.46104	2.46104	2.46104	2.46104	2.46104	2.46104	2.46104	2.46104	2.46104	2.46104	2.46104	2.46104	2.46104	2.46104	2.46104	2.46104	2.46104	2.46104	2.46104	2.46104	2.46104	2.46104	2.46104	2.46104	2.46104	2.46104
0.2205130	2.46104	2.46104	2.46104	2.46104	2.46104	2.46104	2.46104	2.46104	2.46104	2.46104	2.46104	2.46104	2.46104	2.46104	2.46104	2.46104	2.46104	2.46104	2.46104	2.46104	2.46104	2.46104	2.46104	2.46104	2.46104	2.46104	2.46104	2.46104	2.46104	2.46104	2.46104	2.46104	2.46104	2.46104	2.46104	2.46104	2.46104	2.46104	2.46104	2.46104	2.46104	2.46104	2.46104	2.46104	2.46104	2.46104	2.46104	2.46104	2.46104	2.46104	2.46104	2.46104	2.46104
0.2477076	2.46104	2.46104	2.46104	2.46104	2.46104	2.46104	2.46104	2.46104	2.46104	2.46104	2.46104	2.46104	2.46104	2.46104	2.46104	2.46104	2.46104	2.46104	2.46104	2.46104	2.46104	2.46104	2.46104	2.46104	2.46104	2.46104	2.46104	2.46104	2.46104	2.46104	2.46104	2.46104	2.46104	2.46104	2.46104	2.46104	2.46104	2.46104	2.46104	2.46104	2.46104	2.46104	2.46104	2.46104	2.46104	2.46104	2.46104	2.46104	2.46104	2.46104	2.46104	2.46104	2.46104
0.2782559	2.46104	2.46104	2.46104	2.46104	2.46104	2.46104	2.46104	2.46104	2.46104	2.46104	2.46104	2.46104	2.46104	2.46104	2.46104	2.46104	2.46104	2.46104	2.46104	2.46104	2.46104	2.46104	2.46104	2.46104	2.46104	2.46104	2.46104	2.46104	2.46104	2.46104	2.46104	2.46104	2.46104	2.46104	2.46104	2.46104	2.46104	2.46104	2.46104	2.46104	2.46104	2.46104	2.46104	2.46104	2.46104	2.46104	2.46104	2.46104	2.46104	2.46104	2.46104	2.46104	2.46104
0.3125716	2.46104	2.46104	2.46104	2.46104	2.46104	2.46104	2.46104	2.46104	2.46104	2.46104	2.46104	2.46104	2.46104	2.46104	2.46104	2.46104	2.46104	2.46104	2.46104	2.46104	2.46104	2.46104	2.46104	2.46104	2.46104	2.46104	2.46104	2.46104	2.46104	2.46104	2.46104	2.46104	2.46104	2.46104	2.46104	2.46104	2.46104	2.46104	2.46104	2.46104	2.46104	2.46104	2.46104	2.46104	2.46104	2.46104	2.46104	2.46104	2.46104	2.46104	2.46104	2.46104	2.46104
0.3511193	2.46104	2.46104	2.46104	2.46104	2.46104	2.46104	2.46104	2.46104	2.46104	2.46104	2.46104	2.46104	2.46104	2.46104	2.46104	2.46104	2.46104	2.46104	2.46104	2.46104	2.46104	2.46104	2.46104	2.46104	2.46104	2.46104	2.46104	2.46104	2.46104	2.46104	2.46104	2.46104	2.46104	2.46104	2.46104	2.46104	2.46104	2.46104	2.46104	2.46104	2.46104	2.46104	2.46104	2.46104	2.46104	2.46104	2.46104	2.46104	2.46104	2.46104	2.46104	2.46104	2.46104
0.3944205	2.46104	2.46104	2.46104	2.46104	2.46104	2.46104	2.46104	2.46104	2.46104	2.46104	2.46104	2.46104	2.46104	2.46104	2.46104	2.46104	2.46104	2.46104	2.46104	2.46104	2.46104	2.46104	2.46104	2.46104	2.46104	2.46104	2.46104	2.46104	2.46104	2.46104	2.46104	2.46104	2.46104	2.46104	2.46104	2.46104	2.46104	2.46104	2.46104	2.46104	2.46104	2.46104	2.46104	2.46104	2.46104	2.46104	2.46104	2.46104	2.46104	2.46104	2.46104	2.46104	2.46104
0.4430621	2.46104	2.46104	2.46104	2.46104	2.46104	2.46104	2.46104	2.46104	2.46104	2.46104	2.46104	2.46104	2.46104	2.46104	2.46104	2.46104	2.46104	2.46104	2.46104	2.46104	2.46104	2.46104	2.46104	2.46104	2.46104	2.46104	2.46104	2.46104	2.46104	2.46104	2.46104	2.46104	2.46104	2.46104	2.46104	2.46104	2.46104	2.46104	2.46104	2.46104	2.46104	2.46104	2.46104	2.46104	2.46104	2.46104	2.46104	2.46104	2.46104	2.46104	2.46104	2.46104	2.46104
0.4977023	2.46104	2.46104	2.46104	2.46104	2.46104	2.46104	2.46104	2.46104	2.46104	2.46104	2.46104	2.46104	2.46104	2.46104	2.46104	2.46104	2.46104	2.46104	2.46104	2.46104	2.46104	2.46104	2.46104	2.46104	2.46104	2.46104	2.46104	2.46104	2.46104	2.46104	2.46104	2.46104	2.46104	2.46104	2.46104	2.46104	2.46104	2.46104	2.46104	2.46104	2.46104	2.46104	2.46104	2.46104	2.46104	2.46104	2.46104	2.46104	2.46104	2.46104	2.46104	2.46104	2.46104
0.5590811	2.46104	2.46104	2.46104	2.46104	2.46104	2.46104	2.46104	2.46104	2.46104	2.46104	2.46104	2.46104	2.46104	2.46104	2.46104	2.46104	2.46104	2.46104	2.46104	2.46104	2.46104	2.46104	2.46104	2.46104	2.46104	2.46104	2.46104	2.46104	2.46104	2.46104	2.46104	2.46104	2.46104	2.46104	2.46104	2.46104	2.46104	2.46104	2.46104	2.46104	2.46104	2.46104	2.46104	2.46104	2.46104	2.46104	2.46104	2.46104	2.46104	2.46104	2.46104	2.46104	2.46104
0.6280293	2.46104	2.46104	2.46104	2.46104	2.46104	2.46104	2.46104	2.46104	2.46104	2.46104	2.46104	2.46104	2.46104	2.46104	2.46104	2.46104	2.46104	2.46104	2.46104	2.46104	2.46104	2.46104	2.46104	2.46104	2.46104	2.46104	2.46104	2.46104	2.46104	2.46104	2.46104	2.46104	2.46104	2.46104	2.46104	2.46104	2.46104	2.46104	2.46104	2.46104	2.46104	2.46104	2.46104	2.46104	2.46104	2.46104	2.46104	2.46104	2.46104	2.46104	2.46104	2.46104	2.46104
0.7054805	2.46104	2.46104	2.46104	2.46104	2.46104	2.46104	2.46104	2.46104	2.46104	2.46104	2.46104	2.46104	2.46104	2.46104	2.46104	2.46104	2.46104	2.46104	2.46104	2.46104	2.46104	2.46104	2.46104	2.46104	2.46104	2.46104	2.46104	2.46104	2.46104	2.46104	2.46104	2.46104	2.46104	2.46104	2.46104	2.46104	2.46104	2.46104	2.46104	2.46104	2.46104	2.46104	2.46104	2.46104	2.46104	2.46104	2.46104	2.46104	2.46104	2.46104	2.46104	2.46104	2.46104
0.7924827	2.46104	2.46104	2.46104	2.46104	2.46104	2.46104	2.46104	2.46104	2.46104	2.46104	2.46104	2.46104	2.46104	2.46104	2.46104	2.46104	2.46104	2.46104	2.46104	2.46104	2.46104	2.46104	2.46104	2.46104	2.46104	2.46104	2.46104	2.46104	2.46104	2.46104	2.46104	2.46104	2.46104	2.46104	2.46104	2.46104	2.46104	2.46104	2.46104	2.46104	2.46104	2.46104	2.46104	2.46104	2.46104	2.46104	2.46104	2.46104	2.46104	2.46104	2.46104	2.46104	2.46104
0.8902149	2.46104	2.46104	2.46104	2.46104	2.46104	2.46104	2.46104	2.46104	2.46104	2.46104	2.46104	2.46104	2.46104	2.46104	2.46104	2.46104	2.46104	2.46104	2.46104	2.46104	2.46104	2.46104	2.46104	2.46104	2.46104	2.46104	2.46104	2.46104	2.46104	2.46104	2.46104	2.46104	2.46104	2.46104	2.46104	2.46104	2.46104	2.46104	2.46104	2.46104	2.46104	2.46104	2.46104	2.46104	2.46104	2.46104	2.46104	2.46104	2.46104	2.46104	2.46104	2.46104	2.46104
